confidence_0,confidence_1,confidence_2,confidence_3,confidence_4,confidence_5,confidence_6,true_label
0.14134997,0.14130987,0.14460544,0.14494358,0.1452984,0.14102732,0.1414654,0
0.14111593,0.14083582,0.14517532,0.1453294,0.14578101,0.14068478,0.14107773,4
0.14133133,0.14126061,0.14465052,0.14498663,0.14534351,0.14099686,0.14143054,0
0.14139135,0.14139712,0.1444985,0.14488925,0.14521182,0.141082,0.14152993,0
0.14126654,0.14114715,0.14480008,0.14507686,0.14546026,0.14091387,0.14133523,1
0.1413622,0.14134091,0.14456163,0.14492524,0.14526886,0.14105073,0.14149044,0
0.14108334,0.14077893,0.14524898,0.145373,0.14584464,0.14064516,0.14102595,3
0.14125681,0.14113764,0.14482035,0.14508985,0.1454623,0.14091244,0.14132059,5
0.14125119,0.14110026,0.14485288,0.14511429,0.14550845,0.14087543,0.14129752,2
0.14135702,0.14132772,0.14459214,0.1449352,0.14528051,0.14103357,0.14147383,0
0.14119667,0.14100137,0.14497693,0.14519192,0.14560618,0.14081283,0.14121412,2
0.141014,0.14062579,0.14543448,0.1455013,0.14601871,0.14050934,0.1408964,4
0.14115408,0.14092512,0.1450771,0.14525406,0.14568786,0.14075476,0.141147,3
0.14107528,0.14077356,0.14526367,0.1453775,0.14584714,0.14064334,0.14101954,3
0.141115,0.14083914,0.1451722,0.145328,0.14578006,0.14068672,0.1410789,4
0.1412447,0.1410961,0.14486557,0.14511605,0.14551623,0.14086911,0.14129229,6
0.1410684,0.14074597,0.1452849,0.14540695,0.14588948,0.1406062,0.14099808,4
0.14112496,0.14087528,0.14514597,0.14529227,0.14573392,0.14072397,0.14110364,3
0.14112955,0.14087823,0.14513043,0.14529501,0.1457408,0.14071797,0.14110798,2
0.14120805,0.14103721,0.1449499,0.14516123,0.1455651,0.14084281,0.14123571,6
0.14112619,0.14086537,0.14514454,0.14530902,0.14577213,0.14069015,0.14109263,2
0.14124411,0.14112054,0.1448508,0.14510356,0.1454811,0.140898,0.14130192,5
0.14113861,0.14088626,0.1451155,0.14528944,0.14572889,0.14072235,0.14111896,4
0.14114587,0.14088234,0.14511688,0.1452879,0.1457484,0.14070685,0.14111176,2
0.14135891,0.14132968,0.14457828,0.14493607,0.14528063,0.14103815,0.1414783,1
0.14128271,0.14116453,0.14476483,0.14506556,0.14544204,0.14092535,0.14135501,6
0.14124547,0.14109829,0.14485952,0.14511211,0.1455153,0.14087671,0.14129257,6
0.14096326,0.14052892,0.14555722,0.14558019,0.14612423,0.1404329,0.14081332,4
0.14113016,0.14086588,0.14513916,0.1453054,0.14574994,0.14070691,0.14110254,4
0.14134447,0.1412989,0.14461817,0.14495258,0.14530954,0.141022,0.14145431,0
0.14111263,0.14082739,0.1451846,0.14533591,0.14578936,0.14067896,0.14107117,4
0.14123665,0.14110248,0.14487089,0.14511989,0.14549229,0.14088993,0.14128788,5
0.1412403,0.14109308,0.1448691,0.14512266,0.14551379,0.14087385,0.14128722,6
0.14133787,0.14127713,0.14463729,0.14497803,0.14532238,0.14100574,0.14144152,1
0.14138603,0.14137238,0.14451945,0.14490259,0.14522925,0.14107329,0.141517,0
0.14110605,0.14081624,0.1451985,0.14534612,0.14580777,0.1406657,0.14105962,4
0.14114554,0.14088528,0.14511447,0.14528652,0.14574648,0.14070839,0.14111336,2
0.14132763,0.1412664,0.14465162,0.14498259,0.14534602,0.14099617,0.14142953,1
0.14136745,0.14134385,0.14455831,0.14492549,0.1452641,0.14104691,0.1414939,1
0.1413087,0.14122976,0.14469731,0.14501053,0.14538467,0.1409689,0.14140014,1
0.14135371,0.14131461,0.14459263,0.14494653,0.14529172,0.1410293,0.14147148,1
0.141107,0.14082557,0.14519006,0.14533463,0.14579852,0.14067942,0.14106478,3
0.14125527,0.14112543,0.14483507,0.14509335,0.14548457,0.14089623,0.1413101,1
0.14126126,0.14111422,0.1448258,0.14510077,0.14549725,0.14089072,0.14130998,1
0.14121847,0.14104974,0.14491443,0.14515607,0.1455669,0.14084138,0.14125301,5
0.14135616,0.14132504,0.14458957,0.14493796,0.14527978,0.14103672,0.14147471,0
0.14113562,0.14089291,0.14512216,0.1452812,0.14572091,0.14072856,0.1411186,3
0.14130707,0.1412533,0.14469787,0.14500506,0.1453537,0.14098662,0.14139634,1
0.14124729,0.14107977,0.14486767,0.14512847,0.14553414,0.14085932,0.14128332,2
0.14107771,0.14076772,0.14526069,0.14538448,0.14586371,0.14063095,0.14101471,3
0.14128251,0.14117916,0.14476152,0.14504626,0.14543794,0.14093567,0.14135692,1
0.14136176,0.14134939,0.14456543,0.14492528,0.14526205,0.14104645,0.14148962,1
0.14127447,0.14115906,0.14478472,0.1450628,0.14545427,0.14092256,0.14134215,1
0.14129148,0.14118306,0.14475393,0.1450493,0.1454289,0.1409341,0.14135924,5
0.1413339,0.14126177,0.14465109,0.14498186,0.14534438,0.14099626,0.14143074,0
0.14122735,0.14108194,0.1448938,0.14513654,0.14551568,0.14087225,0.14127246,6
0.14105302,0.14074591,0.14531024,0.145398,0.1458615,0.14063595,0.14099537,3
0.14108029,0.14077568,0.14525293,0.14537837,0.14585675,0.14063568,0.14102027,3
0.14118625,0.14099707,0.14499894,0.14519592,0.1456047,0.14081433,0.14120282,5
0.1411572,0.14092039,0.14507586,0.14526303,0.14570896,0.14073353,0.141141,3
0.1412933,0.14118844,0.14474685,0.14504093,0.14542447,0.14093849,0.14136752,1
0.14111713,0.14083923,0.14517172,0.14532684,0.14577778,0.14068708,0.14108025,4
0.14117542,0.14098012,0.14501461,0.14521204,0.14562589,0.14080027,0.14119168,6
0.14133406,0.14126942,0.1446472,0.1449764,0.14533952,0.14099872,0.14143465,0
0.14110029,0.14081413,0.14520547,0.1453472,0.14581884,0.14066207,0.14105201,3
0.14118616,0.14097784,0.145005,0.14520977,0.14564368,0.14078449,0.14119302,2
0.14128585,0.1411815,0.14475498,0.14505154,0.14542808,0.14093463,0.14136343,1
0.14092514,0.14045538,0.14564963,0.14563937,0.14619672,0.14038208,0.14075172,4
0.14136249,0.14133741,0.1445619,0.14492697,0.1452707,0.14105237,0.14148815,0
0.14138606,0.14138025,0.14451084,0.1448983,0.14522526,0.1410784,0.1415209,1
0.14121288,0.14106044,0.1449313,0.1451495,0.14553836,0.14085875,0.14124879,6
0.14119852,0.14102438,0.14497142,0.14517695,0.14557661,0.14082994,0.1412222,6
0.14138745,0.14138208,0.14451823,0.14489456,0.145223,0.1410761,0.14151858,0
0.14134045,0.14129047,0.14463253,0.14496578,0.14531533,0.14100827,0.14144714,0
0.14125901,0.14113334,0.14481959,0.14508945,0.14547624,0.14090137,0.14132102,5
0.1410924,0.14080709,0.14522037,0.14535247,0.14582025,0.1406614,0.14104605,3
0.1410537,0.14072241,0.1453213,0.1454171,0.14589843,0.14060767,0.1409794,3
0.14130303,0.14120686,0.14471951,0.14503554,0.14539807,0.14095224,0.14138474,1
0.14111252,0.14082858,0.14518371,0.14533526,0.14578861,0.14067963,0.14107172,4
0.14107479,0.14075842,0.1452724,0.1453899,0.14586774,0.14062788,0.14100888,3
0.14131464,0.14124922,0.14468326,0.14499836,0.14535919,0.14098306,0.14141229,1
0.14117275,0.14095522,0.14503646,0.14522754,0.14566523,0.14077073,0.14117208,2
0.1410918,0.14082079,0.14522067,0.14533475,0.14578226,0.14069282,0.14105695,3
0.14114419,0.14090423,0.14510295,0.14527383,0.14571506,0.14073151,0.1411282,3
0.14120024,0.1410401,0.14495416,0.14516754,0.14555724,0.14084768,0.14123303,2
0.14117405,0.14095405,0.14503779,0.14522669,0.14566284,0.14077252,0.14117213,2
0.14133054,0.14126779,0.14465198,0.14498536,0.14533822,0.14099538,0.14143069,1
0.14124487,0.14109704,0.14485961,0.1451189,0.145507,0.1408786,0.14129394,6
0.1413156,0.14126198,0.14467621,0.14499338,0.14534205,0.1409936,0.1414172,1
0.14126368,0.14111567,0.1448244,0.14509988,0.14549552,0.1408873,0.14131357,6
0.14124121,0.14108443,0.14487375,0.14512129,0.14552033,0.14087519,0.14128381,5
0.14113177,0.14088757,0.14512974,0.1452835,0.14572272,0.1407309,0.14111377,3
0.14136472,0.1413339,0.1445647,0.14493115,0.14527722,0.14104319,0.14148511,0
0.14126532,0.14114235,0.14481159,0.14507735,0.14547202,0.14090192,0.14132947,5
0.1411853,0.14096943,0.14500764,0.14522244,0.14565735,0.14077283,0.14118502,2
0.14133483,0.1412644,0.14464825,0.14497915,0.14534242,0.14099817,0.14143278,0
0.14126112,0.141135,0.14481695,0.14508834,0.14547566,0.14090215,0.14132077,5
0.1412207,0.14103773,0.1449289,0.14516538,0.14557791,0.14082468,0.1412447,2
0.14125268,0.14111125,0.14483939,0.1451029,0.14551102,0.14087838,0.14130439,1
0.14110059,0.14082299,0.14520276,0.14533865,0.1457961,0.14067777,0.14106116,3
0.14114325,0.14089704,0.14510004,0.14528106,0.14573078,0.14072482,0.14112301,2
0.14119965,0.14104076,0.14495477,0.1451663,0.14555824,0.14084768,0.14123262,2
0.1411166,0.14083743,0.14517349,0.14532815,0.1457794,0.14068595,0.14107898,4
0.14114463,0.14088467,0.14511591,0.14528805,0.14574802,0.14070654,0.14111215,2
0.14129598,0.14119266,0.14473626,0.14504096,0.14541179,0.14094464,0.14137769,6
0.14121762,0.14107588,0.14491107,0.14513999,0.14552267,0.14087152,0.14126123,2
0.1413667,0.14134268,0.14455374,0.14492606,0.14526638,0.14105052,0.14149387,1
0.1410319,0.14066967,0.1453812,0.14546566,0.14596814,0.14054956,0.14093384,4
0.14112535,0.14086117,0.14514591,0.14531034,0.14575705,0.14070301,0.14109717,4
0.14107655,0.1407642,0.1452653,0.14538896,0.14586619,0.14062652,0.1410123,3
0.14117149,0.14095181,0.14503974,0.14523056,0.14566925,0.1407677,0.14116947,2
0.14131406,0.14123373,0.1446883,0.14501551,0.14537387,0.14097038,0.14140414,1
0.1411261,0.14089449,0.14513461,0.14527805,0.14570676,0.14074576,0.14111425,2
0.14133237,0.14127216,0.14463757,0.14497991,0.14533642,0.14100151,0.14144005,1
0.14136454,0.14133966,0.14455962,0.1449272,0.14526808,0.14105135,0.14148955,0
0.14118768,0.14098065,0.14500204,0.14520906,0.14564106,0.14078528,0.14119418,2
0.14122006,0.14103748,0.14493114,0.14516574,0.14557546,0.14082529,0.14124484,2
0.14107656,0.14076771,0.14526232,0.14538495,0.14586276,0.14063132,0.14101437,3
0.14123985,0.14107348,0.14487562,0.14513601,0.14554092,0.14085717,0.14127696,6
0.14128058,0.14117575,0.14476293,0.14505601,0.14543296,0.1409339,0.14135785,1
0.14111498,0.14083944,0.14517182,0.14532785,0.14577995,0.14068688,0.14107907,4
0.14107117,0.14076233,0.14527498,0.14538874,0.14586215,0.14063047,0.14101017,3
0.14117362,0.14095609,0.14503662,0.14522573,0.14566375,0.14077158,0.14117263,2
0.14126417,0.1411221,0.14481698,0.14509708,0.14548813,0.14089215,0.14131933,6
0.14122018,0.14108902,0.14490655,0.14512557,0.1455134,0.140877,0.14126831,1
0.14112936,0.14088464,0.14513531,0.14528522,0.14572349,0.14073075,0.14111121,3
0.14123422,0.14106409,0.14489412,0.14513928,0.1455459,0.14085338,0.14126904,2
0.14118934,0.14097963,0.14499985,0.14520866,0.14563641,0.14078996,0.14119616,2
0.1409574,0.14051828,0.14557047,0.14558883,0.14613116,0.1404291,0.14080481,4
0.1410557,0.14074488,0.14530708,0.14540097,0.14586768,0.14062884,0.14099488,3
0.1411442,0.14090459,0.14509541,0.14527628,0.14571162,0.1407353,0.1411326,4
0.14107788,0.14076605,0.14526394,0.14538576,0.14586358,0.14062905,0.14101374,3
0.14129227,0.14118914,0.14474271,0.14504187,0.1454284,0.14093633,0.14136936,1
0.14119305,0.1409877,0.14499131,0.14520034,0.14562869,0.14079632,0.14120258,2
0.14122528,0.14105628,0.14490253,0.14515331,0.145563,0.14084092,0.14125867,6
0.1411132,0.14083041,0.14518182,0.14533378,0.14578684,0.1406808,0.14107312,4
0.14134192,0.14129871,0.14461604,0.14495644,0.14531009,0.14102197,0.14145483,0
0.14103231,0.14067286,0.1453774,0.14546405,0.14596564,0.14055154,0.14093618,4
0.14134198,0.14127725,0.1446281,0.14497282,0.14532991,0.14100507,0.14144488,5
0.14121014,0.14102022,0.14494307,0.14518201,0.14560099,0.14081252,0.14123107,2
0.1412577,0.1411337,0.1448191,0.14508879,0.14547668,0.1409026,0.1413214,5
0.14124411,0.1410933,0.144862,0.14511898,0.14551437,0.14087546,0.14129178,6
0.14135788,0.14132702,0.14458041,0.14494048,0.14527738,0.14103892,0.14147785,0
0.14134683,0.14129813,0.14460856,0.14495501,0.14531024,0.14102283,0.14145842,0
0.14131933,0.14125028,0.14468049,0.14499843,0.14535376,0.14098534,0.14141238,1
0.14108486,0.14078353,0.14524314,0.14537229,0.14584479,0.14064339,0.14102802,3
0.14109509,0.14079703,0.14522608,0.14535956,0.14583644,0.14064722,0.14103852,2
0.14110638,0.1408175,0.14519705,0.14534542,0.14580736,0.14066595,0.14106037,4
0.14136633,0.14134268,0.14455305,0.14492518,0.14526494,0.14105342,0.14149438,0
0.14114474,0.14088053,0.14511847,0.14528981,0.14575009,0.14070597,0.14111038,2
0.14138535,0.14137845,0.14452103,0.14489876,0.14522757,0.14107248,0.14151636,0
0.14135215,0.14131856,0.14460021,0.14494303,0.14528805,0.14103061,0.14146739,0
0.14136007,0.14132914,0.1445806,0.1449328,0.14528076,0.1410374,0.14147924,1
0.14110123,0.1408192,0.1452015,0.14534171,0.14580573,0.14067261,0.14105801,3
0.1411978,0.14103597,0.14496383,0.14516802,0.14556481,0.1408432,0.14122637,2
0.14130594,0.14121063,0.14471576,0.1450286,0.1454049,0.14094529,0.14138888,5
0.14122617,0.14105001,0.14490445,0.14515765,0.1455651,0.1408395,0.1412571,6
0.14125507,0.14112738,0.14482638,0.14509411,0.14548351,0.14089704,0.1413165,5
0.14136828,0.14134353,0.14455146,0.14492431,0.14526562,0.14105144,0.14149535,0
0.14139478,0.14140347,0.14448719,0.14488283,0.14520809,0.14108774,0.14153592,0
0.14132151,0.14123087,0.1446869,0.14500885,0.14538257,0.14096378,0.14140555,1
0.14134906,0.1413035,0.1446051,0.14495294,0.1453048,0.14102252,0.14146207,1
0.14120944,0.14105661,0.14493313,0.14515442,0.14554092,0.1408588,0.14124668,2
0.14138813,0.14138333,0.144506,0.14489548,0.14522071,0.14108017,0.14152619,0
0.14110169,0.14082077,0.14520188,0.14533828,0.14579508,0.14068066,0.14106165,3
0.14135157,0.14132342,0.14459707,0.14493753,0.14528574,0.14103359,0.14147113,0
0.14111331,0.14084555,0.14517279,0.14532013,0.14577056,0.14069684,0.14108081,2
0.14126368,0.14112961,0.14481366,0.14508672,0.14548078,0.14090475,0.14132077,1
0.14134695,0.14130192,0.14460336,0.14495721,0.14530794,0.14102094,0.14146169,5
0.14130895,0.14122131,0.14470777,0.14502183,0.14538074,0.14096515,0.14139429,6
0.14132126,0.14123203,0.14469384,0.1450062,0.14537396,0.14096917,0.14140359,1
0.1412047,0.14101428,0.14495859,0.14518352,0.14560062,0.14081518,0.14122313,6
0.1411021,0.14081617,0.1452019,0.14534229,0.14580816,0.14067253,0.14105684,3
0.14104153,0.14068593,0.14536053,0.14545383,0.14595428,0.14055695,0.14094695,4
0.14121188,0.14106418,0.14492498,0.14514908,0.14553395,0.14086378,0.14125212,2
0.14128846,0.14116967,0.14476019,0.14505814,0.14543732,0.14092639,0.14135982,6
0.14122036,0.14103599,0.14493078,0.14516678,0.14557967,0.14082278,0.14124359,2
0.1412138,0.14104503,0.14493503,0.14515562,0.14555971,0.14084503,0.14124572,6
0.14113285,0.14088432,0.14512445,0.14528953,0.14573431,0.14072177,0.14111276,2
0.14129305,0.14118709,0.14474991,0.14503984,0.14542255,0.14093761,0.14136997,5
0.14136747,0.1413436,0.14455384,0.1449259,0.14526074,0.1410553,0.14149317,0
0.14107919,0.14077201,0.14525639,0.14538196,0.14585975,0.14063276,0.14101791,3
0.14137012,0.14134641,0.1445468,0.14492123,0.14526254,0.14105499,0.14149788,0
0.14132394,0.14124982,0.14466552,0.14499871,0.14535598,0.14098553,0.14142047,5
0.14108619,0.14078267,0.14524305,0.1453697,0.1458431,0.14064655,0.14102875,3
0.14114715,0.14089672,0.14509818,0.14527875,0.1457263,0.14072712,0.14112581,2
0.14131479,0.14122611,0.14469083,0.14501767,0.1453783,0.14096962,0.14140265,5
0.1410341,0.14067991,0.14536946,0.14545968,0.14595962,0.14055586,0.14094138,4
0.1410855,0.14078163,0.145244,0.14537135,0.14583969,0.14064822,0.14102963,3
0.14113274,0.14088903,0.1451276,0.14528286,0.14572158,0.14073108,0.14111508,3
0.14139606,0.14140585,0.14448392,0.14488068,0.14520621,0.14108914,0.14153811,0
0.14111002,0.1408215,0.14519157,0.14534043,0.14579642,0.14067401,0.1410661,4
0.14135867,0.14133444,0.14456986,0.1449303,0.14527586,0.14104559,0.14148526,0
0.141293,0.14119141,0.14474167,0.14503767,0.14542218,0.14094208,0.14137201,1
0.14103377,0.1406699,0.14537974,0.14546518,0.1459677,0.1405492,0.14093454,4
0.14125705,0.14117087,0.14481226,0.1450651,0.14543925,0.1409339,0.14132157,5
0.14107671,0.14076488,0.14526498,0.14538512,0.14586344,0.14063175,0.14101312,3
0.14121448,0.14102635,0.14493369,0.14517675,0.14559256,0.14081876,0.14123742,2
0.1410533,0.14070944,0.14533071,0.14543518,0.14592841,0.14057575,0.14096719,4
0.1413132,0.14122824,0.1446938,0.14501245,0.14537573,0.14097424,0.1414023,0
0.14107852,0.14077036,0.14525893,0.14538115,0.1458597,0.14063461,0.14101672,3
0.14114106,0.14089759,0.14511117,0.14527982,0.14572464,0.1407237,0.14112195,3
0.14111945,0.14084424,0.14516553,0.14532286,0.14577249,0.14069101,0.14108442,4
0.1411389,0.14088507,0.14511673,0.14528997,0.14572951,0.14072141,0.14111838,4
0.14131849,0.14124653,0.14467168,0.14500065,0.14535388,0.14099209,0.14141665,1
0.14101605,0.1406381,0.14542077,0.14549106,0.14600149,0.14052545,0.14090708,4
0.14129284,0.14118789,0.14474528,0.14504452,0.14541858,0.14094247,0.14136843,5
0.14121322,0.14103638,0.14493994,0.14516275,0.14557764,0.14083137,0.1412387,5
0.14112085,0.14086996,0.1451589,0.1452972,0.14574517,0.14071411,0.1410938,2
0.14096014,0.14052542,0.14556183,0.14558345,0.14612283,0.14043558,0.14081076,4
0.1412972,0.14121558,0.14472225,0.14502908,0.14538842,0.14096412,0.14138333,5
0.14117575,0.14095618,0.14503214,0.14522675,0.14566574,0.14076978,0.14117369,2
0.14138724,0.14137384,0.1445169,0.1449013,0.14522797,0.14107415,0.14151855,0
0.14113969,0.14088798,0.14511237,0.1452872,0.14573707,0.14071919,0.14111653,2
0.14114588,0.1409091,0.14509872,0.14527011,0.14571029,0.1407341,0.14113177,3
0.14136715,0.1413424,0.1445553,0.14492744,0.14526142,0.1410537,0.14149256,0
0.1412573,0.14112793,0.14482056,0.14509344,0.14547937,0.14090279,0.14131863,5
0.14110336,0.14081168,0.14520968,0.14534271,0.14581378,0.14066626,0.14105251,3
0.14108954,0.14079267,0.14523202,0.14536227,0.14583628,0.14065193,0.14103533,3
0.14111538,0.14083835,0.14518145,0.14532425,0.14579861,0.14067118,0.14107077,3
0.14111255,0.14082855,0.14518365,0.14533524,0.14578858,0.14067966,0.14107175,4
0.14127448,0.14114727,0.14478782,0.14508004,0.14545994,0.14091162,0.14133884,6
0.14107579,0.14075936,0.14527072,0.14538962,0.14586708,0.14062762,0.1410098,3
0.14125384,0.14110623,0.14484364,0.14510514,0.14550976,0.14088114,0.14130026,5
0.14103803,0.14069623,0.14535299,0.14544079,0.1459336,0.14058405,0.1409543,3
0.14114869,0.14091967,0.14508726,0.14525875,0.14568892,0.1407543,0.1411424,6
0.14138255,0.14137329,0.1445287,0.14490043,0.14523111,0.14107189,0.14151208,0
0.14114657,0.14090826,0.14508991,0.14527322,0.14570712,0.14073874,0.14113615,4
0.14130768,0.1412327,0.14469863,0.14501213,0.14537491,0.14097433,0.14139958,5
0.14125778,0.14111724,0.14483155,0.1450978,0.14549488,0.14088568,0.14131506,5
0.14125949,0.14112781,0.14481997,0.14509189,0.14547798,0.14090374,0.14131913,5
0.14111252,0.14082928,0.14518316,0.14533478,0.14578812,0.14068002,0.14107211,4
0.14128275,0.14117286,0.14476322,0.14505157,0.14543615,0.1409375,0.14135599,1
0.14122815,0.14106227,0.14489573,0.14514592,0.14555393,0.14084949,0.14126456,5
0.14133029,0.14126231,0.14465454,0.14498788,0.14534424,0.14099453,0.14142618,1
0.1412179,0.14107272,0.14491202,0.14514035,0.1455246,0.14087158,0.14126082,2
0.14123483,0.14107963,0.14488065,0.14513442,0.14553417,0.140858,0.14127833,2
0.14123248,0.1410756,0.1448862,0.14513837,0.14553823,0.14085461,0.1412745,2
0.14112224,0.14088383,0.14514571,0.14528565,0.14572223,0.14073455,0.14110579,2
0.14139463,0.14139609,0.14449096,0.14488521,0.14520761,0.14108936,0.14153612,0
0.14124641,0.14109708,0.14485867,0.14511316,0.14551617,0.14087549,0.14129303,6
0.14120422,0.14102216,0.14495356,0.14518024,0.14559057,0.1408207,0.14122854,6
0.14131743,0.14123201,0.14468451,0.14501426,0.14537966,0.14096448,0.14140765,5
0.14113224,0.14088373,0.14512509,0.14529076,0.14573564,0.14072034,0.14111221,2
0.14112385,0.14088959,0.14513986,0.14527781,0.14571579,0.14074351,0.14110959,2
0.1411431,0.1408942,0.1451033,0.1452829,0.14572647,0.14072667,0.14112338,2
0.14128771,0.14117344,0.14476322,0.14505157,0.14543262,0.14093359,0.14135785,1
0.14114536,0.14089142,0.14510475,0.14528231,0.14573161,0.14072305,0.14112149,2
0.14120996,0.14102675,0.14494222,0.14517407,0.14560093,0.1408136,0.14123248,2
0.14130354,0.14121954,0.1447128,0.14502157,0.14538461,0.14096683,0.14139111,0
0.1412428,0.14111324,0.14485414,0.14510955,0.1454864,0.14089511,0.1412988,5
0.14114341,0.1408855,0.14511709,0.14528729,0.14574866,0.14070596,0.14111204,2
0.14136101,0.1413306,0.14458431,0.14493354,0.14527558,0.14103696,0.14147803,0
0.14125402,0.14110883,0.14483646,0.14511274,0.14550069,0.1408815,0.14130579,1
0.14126466,0.14114206,0.14480448,0.14508155,0.14546934,0.14090805,0.14132987,1
0.14122988,0.14107084,0.14488879,0.14513998,0.14553793,0.14086069,0.14127186,6
0.14117907,0.14096305,0.14502445,0.14522031,0.14565586,0.1407775,0.14117979,2
0.14107507,0.14076339,0.14526694,0.14539042,0.14586803,0.14062528,0.1410109,3
0.14123458,0.14106725,0.14488812,0.14514028,0.14555499,0.14084561,0.14126916,2
0.14122376,0.14108816,0.14489844,0.1451311,0.14551303,0.14087701,0.14126849,2
0.1411471,0.14091134,0.14508767,0.14527093,0.1457049,0.14074004,0.14113797,4
0.14096154,0.14052774,0.14555886,0.14558105,0.14612184,0.14043638,0.14081256,4
0.14122972,0.14105967,0.14489664,0.14514752,0.14555368,0.14084896,0.14126386,5
0.14117804,0.14095457,0.14502905,0.14523032,0.14567336,0.14076266,0.14117198,2
0.14118952,0.14099537,0.14498878,0.14519781,0.1456111,0.14080991,0.14120752,2
0.14114615,0.14090896,0.1450903,0.14527282,0.14570725,0.1407384,0.14113612,4
0.14103805,0.14068632,0.14536032,0.14545424,0.14595206,0.14056161,0.1409474,4
0.14133987,0.14127786,0.14463302,0.14497113,0.14533468,0.1410006,0.14144284,1
0.14130999,0.14121386,0.14470273,0.14502725,0.1453938,0.14095838,0.14139394,1
0.14111897,0.14084555,0.14516474,0.14532226,0.14577208,0.1406916,0.1410848,4
0.14110824,0.14084308,0.14517932,0.1453222,0.14577375,0.1406964,0.14107697,2
0.14096107,0.14052567,0.14556138,0.1455828,0.14612412,0.14043415,0.14081083,4
0.1411834,0.14098138,0.14500692,0.14520487,0.14564353,0.14078584,0.14119403,6
0.14118485,0.14097717,0.14500748,0.14521009,0.14564112,0.14078782,0.14119151,2
0.14107601,0.14076117,0.14526871,0.14538977,0.14586756,0.14062634,0.14101043,3
0.14122073,0.1410363,0.14493021,0.1451655,0.1455797,0.14082366,0.14124389,2
0.14107867,0.14076443,0.14526401,0.14538749,0.14586426,0.14062756,0.1410136,3
0.1411198,0.14084427,0.1451655,0.14532265,0.14577225,0.14069092,0.14108463,4
0.14113936,0.14089774,0.14511228,0.14527336,0.14571106,0.1407411,0.14112516,3
0.1413474,0.1412918,0.14461951,0.14496118,0.14531772,0.14100732,0.14145511,1
0.14139551,0.14139551,0.1444904,0.1448836,0.1452125,0.14108898,0.14153355,0
0.14124624,0.14112298,0.14484571,0.14510167,0.14547892,0.14089951,0.141305,5
0.14125998,0.14111847,0.14482233,0.14509891,0.14549245,0.14089283,0.14131506,6
0.14111258,0.14082867,0.1451836,0.14533514,0.14578848,0.14067969,0.14107183,4
0.14114654,0.14091003,0.14508931,0.14527193,0.14570618,0.14073907,0.14113693,4
0.14126563,0.14113533,0.14480527,0.145086,0.14547266,0.14090797,0.14132717,5
0.14119376,0.14103052,0.14496885,0.14517543,0.14556707,0.14084113,0.14122327,2
0.14120795,0.14104147,0.1449463,0.14516024,0.14556287,0.1408433,0.14123783,6
0.1413377,0.14127448,0.14463882,0.14497201,0.14533636,0.14100143,0.14143918,0
0.1411001,0.14082007,0.14520465,0.14534055,0.14579761,0.1406773,0.14105974,3
0.14111246,0.14086282,0.14516874,0.14530179,0.14574492,0.14071923,0.14109002,2
0.14122428,0.14105615,0.14491442,0.14514332,0.14555246,0.14085135,0.14125803,5
0.1413371,0.1412787,0.14463302,0.14497176,0.14532886,0.1410094,0.14144115,1
0.14109728,0.14080611,0.14521638,0.14535458,0.1458291,0.14065205,0.1410445,2
0.14139618,0.14140344,0.14448862,0.14488342,0.14520675,0.1410855,0.14153606,0
0.1412527,0.14110623,0.14484048,0.14510751,0.14551161,0.14087935,0.1413021,5
0.1410783,0.14076416,0.14526443,0.14538787,0.14586493,0.14062707,0.14101323,3
0.14110142,0.14081548,0.14520325,0.14534418,0.14580786,0.14067148,0.14105631,3
0.1412234,0.14105994,0.14490646,0.14514819,0.14554887,0.14085193,0.14126123,6
0.14117523,0.14096533,0.14502265,0.14522304,0.14565632,0.14077741,0.14118002,6
0.14135149,0.14131548,0.14459576,0.14494735,0.14529483,0.14102624,0.14146881,1
0.14126351,0.14113502,0.14480725,0.14508694,0.1454733,0.14090772,0.14132623,5
0.14134817,0.14131048,0.14459948,0.14494717,0.14529942,0.1410297,0.14146551,0
0.14136033,0.1413294,0.14458603,0.14493467,0.14527681,0.1410357,0.14147711,0
0.14126383,0.14117111,0.14480436,0.14506662,0.14543349,0.14093308,0.1413275,5
0.14122033,0.14108798,0.14490747,0.1451269,0.1455142,0.1408754,0.14126773,1
0.14119016,0.14099537,0.14498715,0.14520214,0.14562485,0.14079578,0.14120457,6
0.14122407,0.14104855,0.14490926,0.14515616,0.14556819,0.14083955,0.14125419,5
0.14119382,0.1410235,0.1449793,0.14517742,0.14557903,0.14082913,0.14121777,6
0.14107922,0.14076804,0.14525819,0.145388,0.14586504,0.14062454,0.14101698,4
0.14129148,0.14118306,0.14475393,0.1450493,0.1454289,0.1409341,0.14135924,5
0.14110297,0.14082733,0.14519717,0.14533597,0.14579737,0.14067625,0.14106295,3
0.1413366,0.14129357,0.14462839,0.14496467,0.14531524,0.14101446,0.14144711,1
0.141042,0.14068371,0.14536215,0.14545545,0.14595713,0.14055423,0.14094533,4
0.1412584,0.14113322,0.14481959,0.14509015,0.14547665,0.14090118,0.1413208,5
0.141253,0.14110617,0.14484295,0.1451061,0.14550589,0.1408826,0.14130329,6
0.14125344,0.1411063,0.14484674,0.14510913,0.1455016,0.14088096,0.14130186,2
0.14111984,0.14084457,0.14516525,0.14532244,0.14577202,0.14069107,0.14108478,4
0.14123456,0.14108342,0.14487603,0.14512956,0.14552766,0.14086746,0.14128134,6
0.14123529,0.14108805,0.14487699,0.14512293,0.14551999,0.14087248,0.14128427,1
0.14140299,0.14142004,0.14446597,0.14486971,0.14519188,0.14109951,0.14154989,0
0.14135098,0.14129455,0.14460757,0.14495899,0.1453128,0.14101666,0.14145845,1
0.14103274,0.14066933,0.14538105,0.14546573,0.1459684,0.14054894,0.14093381,4
0.14136447,0.14132807,0.14456879,0.1449345,0.14528282,0.14103955,0.14148179,0
0.14129342,0.14119884,0.14472982,0.14503607,0.14541784,0.1409469,0.14137714,1
0.1409903,0.14058733,0.1454844,0.14553323,0.14605637,0.1404849,0.14086346,4
0.1412107,0.14106174,0.14492871,0.14515086,0.14553629,0.14086215,0.14124957,2
0.14123762,0.14108658,0.14487323,0.14512827,0.14552979,0.14086159,0.14128295,2
0.14111231,0.14082494,0.14518644,0.14533794,0.14579347,0.14067581,0.14106908,4
0.14140655,0.14142546,0.14446646,0.14486085,0.14518727,0.14109826,0.14155515,0
0.14136088,0.14132845,0.14457308,0.144938,0.14527631,0.14104313,0.14148016,1
0.14131974,0.14123175,0.14468747,0.14500879,0.14537497,0.14097033,0.14140695,1
0.14106017,0.14075108,0.14529806,0.1453939,0.14585933,0.14063618,0.14100128,3
0.14113677,0.14088699,0.14511557,0.14528997,0.14572933,0.14072281,0.14111854,4
0.14112857,0.14086407,0.1451426,0.14530542,0.14575237,0.14070746,0.1410995,2
0.14125445,0.14111552,0.14483136,0.14510448,0.14549561,0.14088778,0.14131084,5
0.14123389,0.14107682,0.1448854,0.14513853,0.14553587,0.1408541,0.14127539,2
0.14136091,0.1413281,0.14458287,0.14493214,0.14528109,0.14103591,0.14147897,0
0.14139663,0.14140357,0.14448608,0.14488171,0.1452017,0.14109391,0.14153643,0
0.14136112,0.14132763,0.14458096,0.1449393,0.14527231,0.14104174,0.14147694,0
0.14117098,0.14095008,0.14504261,0.14523587,0.14567758,0.14075726,0.14116561,2
0.14113434,0.14088303,0.14512017,0.14529346,0.14573376,0.1407202,0.14111508,4
0.14123404,0.14106491,0.14488858,0.14514457,0.14555155,0.14084814,0.14126825,6
0.14123984,0.14108425,0.14487645,0.14512488,0.14553052,0.14086224,0.14128181,2
0.14103557,0.14067252,0.14537689,0.14546378,0.14596689,0.14054824,0.14093612,4
0.14106677,0.14076187,0.14528036,0.14538907,0.14585947,0.14063412,0.14100833,3
0.14127414,0.1411875,0.14477664,0.14505333,0.14541824,0.14094324,0.14134692,5
0.14114077,0.14088342,0.14512098,0.14529055,0.14575234,0.14070256,0.14110938,2
0.14131753,0.14123031,0.14469159,0.14501324,0.14538133,0.14096059,0.14140537,5
0.14120382,0.14103809,0.14495718,0.14516479,0.14556198,0.14084165,0.14123245,6
0.14124088,0.14109701,0.1448613,0.14511748,0.14551699,0.14087622,0.1412901,6
0.14101523,0.14063826,0.14542066,0.14549106,0.14600131,0.14052622,0.14090723,4
0.14123693,0.14106348,0.14488538,0.14514312,0.14554965,0.14085144,0.14126998,6
0.14137132,0.14135017,0.14454804,0.14491296,0.14526312,0.14105462,0.14149977,1
0.1413625,0.14134584,0.14457278,0.14492317,0.1452608,0.14105007,0.1414848,0
0.14129801,0.1411977,0.14473046,0.14503513,0.14540708,0.14095053,0.1413811,6
0.14115326,0.1409691,0.14506519,0.14522265,0.14563395,0.14079624,0.14115961,6
0.14124788,0.14110434,0.14485212,0.14510556,0.14551002,0.14088187,0.14129822,6
0.1412259,0.1410549,0.14490323,0.1451515,0.1455593,0.14084567,0.1412595,5
0.14124386,0.14109302,0.14486556,0.14511874,0.14551729,0.14087033,0.1412912,6
0.1412074,0.14104228,0.14494522,0.14515965,0.14556232,0.14084467,0.14123847,6
0.14105307,0.14072396,0.14532095,0.14541705,0.14589678,0.14060819,0.14098002,3
0.14120977,0.14102167,0.14494224,0.14517954,0.14560044,0.14081497,0.14123139,2
0.14110324,0.14081754,0.14520194,0.14534429,0.14581485,0.1406633,0.1410549,2
0.14107755,0.140766,0.14526337,0.14538594,0.14586298,0.14063025,0.14101392,3
0.14095885,0.14052363,0.14556476,0.14558484,0.1461256,0.14043348,0.14080887,4
0.14123745,0.14107275,0.14488713,0.14513716,0.14553742,0.14085324,0.14127484,2
0.1412584,0.14111742,0.1448244,0.14509961,0.14549212,0.14089444,0.1413136,6
0.14128974,0.1411835,0.14475389,0.14505002,0.14542861,0.14093477,0.14135943,5
0.14111732,0.14084025,0.14517072,0.14532614,0.14577691,0.14068773,0.1410809,4
0.14136487,0.14134164,0.14455768,0.14492714,0.14526509,0.14105234,0.14149126,0
0.14113863,0.14088108,0.14512113,0.14529067,0.14574368,0.14071444,0.14111038,2
0.14138207,0.14137457,0.1445143,0.14489987,0.14523083,0.14108017,0.14151816,1
0.14115727,0.14092487,0.14507356,0.14526078,0.14570661,0.14073376,0.14114316,3
0.14118783,0.14097703,0.14500354,0.14520928,0.14563932,0.14078976,0.14119321,2
0.14125177,0.14112918,0.14483567,0.14509661,0.14547049,0.14090519,0.14131112,5
0.14135505,0.14132795,0.14459169,0.14493406,0.14528076,0.14103588,0.14147455,0
0.1413634,0.14134116,0.14456846,0.14491971,0.145266,0.1410521,0.1414892,1
0.14118396,0.14101236,0.14499816,0.14518853,0.14558809,0.14082453,0.14120437,2
0.14120801,0.1410111,0.14496097,0.14518264,0.14560077,0.14081131,0.14122519,2
0.14120531,0.14104348,0.14494208,0.1451616,0.14556098,0.1408471,0.14123943,6
0.14115545,0.14093103,0.14506707,0.14525437,0.14568475,0.14075617,0.14115116,6
0.14126135,0.14112417,0.14482015,0.1450935,0.14548291,0.14089957,0.14131834,1
0.1414041,0.14142245,0.14446369,0.14486495,0.14519,0.14110327,0.1415515,0
0.14111243,0.14082909,0.1451835,0.14533493,0.14578834,0.14067978,0.1410719,4
0.14131327,0.14122789,0.14469197,0.1450166,0.145382,0.14096424,0.14140405,5
0.14111054,0.14082162,0.14519028,0.1453409,0.14579919,0.14067176,0.14106567,4
0.141039,0.14067633,0.14537123,0.14546071,0.14596406,0.14054926,0.14093943,4
0.14126295,0.1411288,0.14482464,0.14508648,0.14547546,0.14090295,0.14131872,1
0.14119193,0.14099404,0.14498663,0.14519769,0.14560907,0.14081125,0.14120936,2
0.14106399,0.140753,0.14529105,0.14539416,0.14586888,0.14062724,0.14100167,3
0.14130093,0.1412116,0.14471543,0.14502837,0.14539567,0.14096035,0.14138764,5
0.14114721,0.14091012,0.1450881,0.14527181,0.14570545,0.14073986,0.14113748,4
0.14124562,0.14110067,0.14485812,0.14510979,0.14551291,0.14087889,0.14129397,6
0.14108172,0.14078183,0.14524704,0.14537342,0.1458511,0.14064075,0.14102414,3
0.14129148,0.14118306,0.14475393,0.1450493,0.1454289,0.1409341,0.14135924,5
0.14136432,0.1413389,0.14455968,0.1449253,0.14526795,0.14105262,0.14149123,0
0.1411127,0.14082776,0.1451843,0.14533563,0.14578903,0.14067914,0.14107142,4
0.14123411,0.14106162,0.14489256,0.1451458,0.14554776,0.1408512,0.14126697,5
0.14101511,0.14063822,0.14542063,0.14549124,0.14600155,0.14052609,0.1409072,4
0.14128567,0.14117667,0.1447564,0.14505571,0.14543517,0.14093186,0.14135855,1
0.14140375,0.14141965,0.14446771,0.14486596,0.14518994,0.14110436,0.14154862,0
0.14131616,0.14123303,0.14468497,0.14501049,0.14537592,0.1409726,0.14140683,1
0.14125323,0.14110999,0.14483637,0.14511164,0.1455006,0.14088216,0.14130604,5
0.14124213,0.14108138,0.14486898,0.1451308,0.14553544,0.14085831,0.14128299,2
0.14139004,0.14139138,0.14450024,0.14488737,0.14521423,0.14108823,0.1415285,1
0.14137049,0.14134848,0.14454529,0.14492111,0.14525977,0.14105588,0.14149903,0
0.14100172,0.14060572,0.14546062,0.1455178,0.1460389,0.14049624,0.14087903,4
0.14131662,0.14124158,0.14468943,0.14500259,0.14536169,0.1409819,0.14140622,1
0.14104636,0.14070767,0.14533548,0.14543815,0.14593135,0.14057675,0.14096424,4
0.14114912,0.14091972,0.1450867,0.14525907,0.14568876,0.14075418,0.14114244,6
0.14123532,0.14110038,0.14487164,0.14512296,0.1454973,0.14088504,0.14128734,5
0.14134529,0.14128964,0.14461425,0.14496684,0.14532004,0.14101063,0.14145334,5
0.1412535,0.14112216,0.14483255,0.1450987,0.14547986,0.14090164,0.14131159,5
0.14111862,0.14084804,0.14516225,0.14532106,0.14577131,0.14069284,0.14108586,4
0.14134394,0.14129573,0.14462128,0.14495465,0.14531267,0.14101943,0.14145227,0
0.14131112,0.14121437,0.14470215,0.14502734,0.14538589,0.14096282,0.14139627,5
0.14114155,0.1408821,0.14512026,0.14529169,0.14575213,0.14070316,0.14110906,2
0.14122182,0.14104928,0.14491095,0.14515497,0.14556885,0.14084055,0.1412536,5
0.14114206,0.14090635,0.14510465,0.14526904,0.14570554,0.1407425,0.1411299,3
0.14131111,0.14122279,0.1447002,0.14501461,0.14538178,0.14096972,0.14139979,1
0.14109662,0.14081578,0.14521216,0.14534463,0.14580484,0.14067139,0.14105456,3
0.1412543,0.14110635,0.14483926,0.14511028,0.14550608,0.14087988,0.14130384,6
0.14132376,0.1412555,0.14466242,0.14499423,0.14534853,0.14099145,0.14142407,1
0.14103468,0.1406725,0.14537688,0.14546329,0.14596543,0.14055075,0.1409365,4
0.14123489,0.14107627,0.14488451,0.1451349,0.14553665,0.1408569,0.14127591,2
0.1413837,0.1413754,0.1445253,0.14490116,0.1452305,0.14107038,0.14151359,0
0.1411333,0.14087854,0.1451275,0.14529327,0.14573799,0.1407193,0.14111008,2
0.14108373,0.1407844,0.1452434,0.14537051,0.1458483,0.14064291,0.1410268,3
0.1411275,0.14088067,0.14513776,0.1452912,0.14572977,0.14072488,0.14110819,2
0.14121817,0.14105041,0.14491811,0.1451553,0.14555898,0.14084506,0.14125396,6
0.1411126,0.14082767,0.14518446,0.14533573,0.14578919,0.14067908,0.14107129,4
0.14133926,0.1412887,0.14463244,0.14496619,0.14531569,0.14101163,0.14144607,0
0.14102994,0.14068732,0.14536911,0.14544809,0.14593747,0.14058134,0.14094673,3
0.14130597,0.14121415,0.14471065,0.1450235,0.14538966,0.14096124,0.14139484,6
0.14111254,0.14082776,0.14518438,0.14533572,0.14578916,0.14067914,0.14107129,4
0.14133273,0.1412655,0.14465667,0.14498645,0.14534436,0.14098828,0.14142598,1
0.14113168,0.14087792,0.14513019,0.14530045,0.1457593,0.14069842,0.14110202,2
0.1411391,0.1408862,0.14511524,0.14528929,0.1457286,0.14072238,0.1411192,4
0.14137274,0.141358,0.14455155,0.14491443,0.14524567,0.14106154,0.14149606,0
0.14125343,0.141109,0.14483805,0.14510754,0.14550196,0.14088458,0.1413054,2
0.14108865,0.14081603,0.1452277,0.14533849,0.14578672,0.14068991,0.14105251,3
0.14123517,0.14106499,0.14488788,0.14514117,0.14555505,0.14084873,0.14126703,1
0.14119016,0.14098477,0.14499517,0.14520457,0.14563157,0.14079413,0.14119968,2
0.14109269,0.14081559,0.14522278,0.1453421,0.14580826,0.14066789,0.14105071,2
0.14111249,0.14082861,0.14518374,0.14533524,0.14578864,0.14067961,0.14107172,4
0.14121176,0.14102292,0.14494172,0.14517637,0.14559273,0.14082147,0.14123304,5
0.141353,0.14130192,0.14459588,0.14495364,0.14530787,0.14102286,0.14146489,1
0.14113769,0.14088519,0.14511685,0.14529052,0.1457302,0.14072159,0.14111789,4
0.1411768,0.14097643,0.14501701,0.1452135,0.14562888,0.14079776,0.14118958,6
0.14126182,0.14112487,0.14481615,0.14509356,0.14549349,0.14089386,0.14131619,6
0.14108334,0.14080536,0.14524122,0.14534797,0.14579841,0.14068048,0.14104323,3
0.14131747,0.14123736,0.14468396,0.14500625,0.145364,0.14097942,0.14141156,6
0.14122008,0.14105603,0.144926,0.1451441,0.14555466,0.14084949,0.14124973,5
0.14112686,0.14087968,0.14514145,0.1452894,0.14572956,0.14072613,0.14110687,3
0.1410906,0.14079465,0.14522943,0.14536221,0.14583349,0.1406524,0.14103723,3
0.14126405,0.1411336,0.14480887,0.14508735,0.14547384,0.14090702,0.1413253,5
0.14125714,0.14113094,0.14482155,0.14509073,0.14547797,0.14090209,0.14131957,5
0.14113814,0.14088935,0.14511295,0.14528781,0.14572749,0.14072391,0.14112039,4
0.14128599,0.14117977,0.14476144,0.14505343,0.14543149,0.14093283,0.14135502,5
0.14120637,0.14102834,0.14494376,0.1451738,0.14558798,0.14082547,0.14123431,5
0.14118981,0.14100626,0.14498273,0.14519207,0.14560147,0.14081582,0.1412118,6
0.14106448,0.14075293,0.14529008,0.14539506,0.14586835,0.14062713,0.14100201,3
0.14115985,0.14093712,0.14506216,0.14524929,0.14568758,0.14075,0.14115402,3
0.14111592,0.14083529,0.14517567,0.14532974,0.14578137,0.14068457,0.14107746,4
0.1410762,0.14076456,0.14526536,0.14539054,0.14586817,0.14062369,0.1410115,3
0.14110018,0.1408139,0.14520584,0.14534543,0.14581011,0.1406699,0.1410546,3
0.14087878,0.14037399,0.14576155,0.14570315,0.14629753,0.14030841,0.14067657,4
0.14125514,0.14110363,0.14484705,0.14510421,0.14550887,0.14088367,0.14129747,1
0.1412343,0.14108434,0.14488621,0.1451289,0.14551844,0.1408703,0.14127746,2
0.14109808,0.14081256,0.14520948,0.14534669,0.14581345,0.14066754,0.14105225,3
0.14125113,0.14110458,0.14484395,0.14511383,0.14550541,0.14087996,0.14130111,5
0.14137752,0.14135565,0.1445357,0.14491238,0.1452547,0.14105833,0.14150573,1
0.14106917,0.14075994,0.14527945,0.14538778,0.14585763,0.14063632,0.1410097,3
0.14123283,0.14105435,0.14489926,0.14515011,0.14556216,0.14083938,0.1412619,2
0.14136083,0.1413316,0.14456649,0.14492959,0.14528508,0.14104208,0.14148428,1
0.14131443,0.1412244,0.14469598,0.14501563,0.14538111,0.14096469,0.14140375,1
0.14118762,0.1409711,0.14500804,0.14521778,0.14565676,0.1407726,0.14118609,2
0.1411247,0.14087561,0.14514735,0.1452921,0.14573343,0.1407236,0.14110321,3
0.14108652,0.14078556,0.14524016,0.14536743,0.14584225,0.14064795,0.14103012,3
0.14123116,0.14105585,0.14490433,0.14514495,0.14555228,0.14084879,0.14126265,2
0.14126047,0.14113812,0.14481589,0.14508468,0.14546609,0.14090998,0.14132477,5
0.14133862,0.14127268,0.1446384,0.14497282,0.14533508,0.14100316,0.14143926,0
0.14125305,0.1411086,0.14483826,0.14511116,0.14550194,0.14088257,0.14130445,5
0.14131095,0.14122164,0.1446996,0.1450212,0.14538507,0.14096396,0.14139758,5
0.14129406,0.14120215,0.14473854,0.14503802,0.14539868,0.14095397,0.14137454,6
0.14103206,0.14067675,0.14537369,0.14546254,0.14596325,0.1405532,0.14093848,4
0.14134875,0.14131412,0.14460093,0.14494881,0.14529127,0.14103219,0.14146397,1
0.14125769,0.1411309,0.14482328,0.14509091,0.14548108,0.14089537,0.1413208,5
0.14127752,0.14115626,0.1447761,0.1450713,0.14544791,0.1409219,0.14134903,6
0.14135644,0.14132147,0.14459307,0.14494118,0.14528419,0.14103124,0.14147238,0
0.14126995,0.14115913,0.14479391,0.1450737,0.14543754,0.14092913,0.1413366,5
0.141265,0.14115146,0.14480574,0.14507784,0.14544734,0.14092231,0.14133032,5
0.1413963,0.14140384,0.14448856,0.14488302,0.1452066,0.14108548,0.14153619,0
0.1410162,0.1406384,0.1454205,0.14549124,0.14600176,0.14052474,0.14090714,4
0.14116856,0.1409711,0.14503464,0.14522113,0.14563093,0.14079453,0.14117911,2
0.14127038,0.14116211,0.14478466,0.14506833,0.14544275,0.14092971,0.14134207,1
0.1413891,0.141376,0.14451715,0.14489521,0.14522979,0.14107446,0.14151827,0
0.1412166,0.14105736,0.14491639,0.14514585,0.14554833,0.140858,0.14125751,5
0.1413836,0.14137873,0.1445248,0.14489673,0.14522693,0.14107488,0.14151433,0
0.14125267,0.14110935,0.14483759,0.14511016,0.14550741,0.14087926,0.14130358,6
0.14106692,0.14074118,0.1452908,0.14540994,0.1458938,0.14060299,0.14099438,4
0.14105739,0.14074887,0.14530316,0.14539564,0.14586066,0.14063561,0.14099866,3
0.14119582,0.14099555,0.14497527,0.14519909,0.14562336,0.14080054,0.14121036,2
0.14111283,0.14085636,0.14516479,0.1453133,0.14576258,0.14070307,0.14108714,2
0.14126593,0.14114715,0.1448055,0.14507802,0.14545967,0.14091454,0.1413292,1
0.14103733,0.14067361,0.14537464,0.14546265,0.14596564,0.14054874,0.1409374,4
0.14136924,0.1413417,0.14455283,0.14492902,0.14526476,0.14104925,0.14149322,1
0.14111461,0.14083387,0.1451777,0.14533117,0.14578335,0.14068341,0.14107585,4
0.14129998,0.14120732,0.14472738,0.14503357,0.14539449,0.14095584,0.14138141,6
0.1412734,0.14119269,0.14477839,0.14504609,0.14541459,0.14095026,0.1413446,1
0.14114712,0.1409114,0.14508767,0.14527093,0.14570484,0.14074002,0.141138,4
