{
 "cells": [
  {
   "cell_type": "markdown",
   "metadata": {},
   "source": [
    "## This is my attempt at implementing the SLANG algorithm"
   ]
  },
  {
   "cell_type": "markdown",
   "metadata": {},
   "source": [
    "importing"
   ]
  },
  {
   "cell_type": "code",
   "execution_count": 6,
   "metadata": {},
   "outputs": [],
   "source": [
    "%matplotlib inline\n",
    "\n",
    "import numpy as np\n",
    "import math\n",
    "import matplotlib\n",
    "import matplotlib.pyplot as plt\n",
    "\n",
    "import torch\n",
    "import torch.linalg as alg\n",
    "import torch.nn as nn\n",
    "import torch.nn.functional as F\n",
    "import torch.distributions as dist\n",
    "from torch.utils.data import Dataset, DataLoader\n",
    "\n",
    "from sklearn.model_selection import train_test_split\n",
    "#from tqdm import tqdm\n",
    "\n",
    "EPS = 1e-5  # define a small constant for numerical stability control"
   ]
  },
  {
   "cell_type": "markdown",
   "metadata": {},
   "source": [
    "### Class defined"
   ]
  },
  {
   "cell_type": "code",
   "execution_count": 7,
   "metadata": {},
   "outputs": [],
   "source": [
    "class SLANG_GaussianNetwork(nn.Module):\n",
    "    def __init__(self, layer_sizes, inital_prior_std = 0.1, inital_prior_mean = 0.0, alpha = 0.1, beta = 0.9,\n",
    "                 sqrt_width_scaling=False, device=None, dtype=None, minibatch_size = 1, error = 1e-12, rank_approx = 4, noise = 1, decay = 0.51, decay_start = 100):\n",
    "        \n",
    "        factory_kwargs = {'device': device, 'dtype': dtype}\n",
    "        super(SLANG_GaussianNetwork, self).__init__()\n",
    "        \n",
    "        # Store network dimensions and other parameters\n",
    "        self.layer_sizes = layer_sizes  # dimension of network layer input \n",
    "        self.dim_in = layer_sizes[0] \n",
    "        self.dim_out = layer_sizes[-1]\n",
    "\n",
    "        self.num_params = sum(dim_in * dim_out + dim_out for dim_in, dim_out in zip(layer_sizes[:-1], layer_sizes[1:])) # number of parameters\n",
    "        \n",
    "        self.decay = decay\n",
    "        self.decay_start = decay_start\n",
    "        self.alpha = alpha\n",
    "        self.beta = beta\n",
    "        self.minibatch_size = minibatch_size \n",
    "        self.error = error\n",
    "        self.rank_approx = rank_approx\n",
    "        self.noise = noise\n",
    "        self.prior_std = inital_prior_std\n",
    "        # prior parameters are registered as buffers so they can be alteared  \n",
    "        self.register_buffer('prior_means', torch.ones(self.num_params, **factory_kwargs)*inital_prior_mean)\n",
    "\n",
    "        # prior covariance matrix\n",
    "        prior_cov = torch.diag(torch.ones(self.num_params, **factory_kwargs)*inital_prior_std)\n",
    "        # prior variance scales as 1/dim_in\n",
    "        if sqrt_width_scaling:  \n",
    "            prior_cov /= self.dim_in ** 0.5\n",
    "        \n",
    "        self.means = torch.ones(self.num_params, requires_grad=True)*inital_prior_mean\n",
    "        #self.cov = torch.diag(torch.ones(self.num_params, requires_grad=True, dtype=torch.float64)*inital_prior_std)*1.0\n",
    "        self.presision = torch.eye(self.num_params, dtype=torch.float64)*1/inital_prior_std\n",
    "        \n",
    "\n",
    "    \n",
    "    def ___dia_inv___(self, D, is_float = True):\n",
    "        '''the inveres of a 2D diagonal matrix'''\n",
    "        if is_float:\n",
    "            d = torch.zeros((self.num_params, self.num_params))\n",
    "        else:\n",
    "            d = torch.zeros((self.num_params, self.num_params), dtype=torch.cfloat)\n",
    "        \n",
    "        for i in range(self.num_params):\n",
    "            d[i,i] = torch.inverse(D[i:i+1,i:i+1])\n",
    "        return d\n",
    "\n",
    "\n",
    "    def ___fast_inverse___(self, g, U, D, L):\n",
    "        D_inv = self.___dia_inv___(D) # D^{-1}\n",
    "        I_L = torch.eye(L) # I size L\n",
    "        U = U.to(D_inv.dtype) # quick fix\n",
    "        U_Td_invU = torch.t(U) @ D_inv @ U # U^T.D^{-1}.U\n",
    "        A = alg.inv(I_L + U_Td_invU) # A = (I_L + U^T.D^{-1}.U)^{-1}\n",
    "\n",
    "        UAU_T = U @ A @ torch.t(U) # U.A.U^T\n",
    "        D_inv_g = D_inv @ g # D^{-1}.g\n",
    "        y = D_inv_g - D_inv @ UAU_T @ D_inv_g  # D^{-1}.g - D^{-1}.U^T.A.U.D^{-1}.g\n",
    "\n",
    "        return y\n",
    "\n",
    "    \n",
    "    def ___sample___(self,mean, U, D):\n",
    "        eps = torch.normal(0,1,size = (self.num_params, 1))\n",
    "        pse = 1e-6 * torch.eye(self.num_params)\n",
    "        return mean + torch.squeeze(alg.cholesky(torch.inverse(D + U @ torch.t(U)) + pse) @ eps)\n",
    "\n",
    "    def ___diamul___(self, D, vec):\n",
    "        d = torch.zeros((self.num_params, self.num_params), dtype=torch.cfloat)\n",
    "        for i in range(self.num_params):\n",
    "            d[i,i] = D[i,i]*vec[i]\n",
    "        return d\n",
    "\n",
    "    \n",
    "\n",
    "\n",
    "    def ___fast_sample___(self, mean, U, D, L):\n",
    "        '''since covarance matrix approx is equal to (D + UU^T)^{-1} the squar root of (D + UU^T)^{-1} gives us what we need for the \n",
    "        reparametivation trick we obtain this by using Woodbury matrix identity'''\n",
    "        eps = torch.normal(0,1,size = (self.num_params, 1))\n",
    "\n",
    "        D_inv_root = self.___dia_inv___(D.to(torch.cfloat)**(1/2), is_float = False) # D^(-1/2)\n",
    "        \n",
    "        V = D_inv_root @ (U.to(torch.cfloat)) # V = D^(-1/2) U\n",
    "        \n",
    "        # Woodbury matrix identity\n",
    "        invert = torch.inverse(torch.eye(L) + torch.t(V) @ V)\n",
    "        IL_VVT = torch.eye(self.num_params) - V @ invert @ torch.t(V) \n",
    "        \n",
    "        #L, Q = alg.eig(IL_VVT)\n",
    "        #Sig_root = self.___diamul___(D_inv_root, L) @ torch.t(Q)\n",
    "        Sig_root = D_inv_root @ alg.cholesky(IL_VVT)     # symmertic parametisation is a real matrix\n",
    "        Sig_root_eps = torch.real(Sig_root) @ eps \n",
    "        #print('theta', mean + torch.squeeze(Sig_root_eps) )\n",
    "        return mean + torch.squeeze(Sig_root_eps) \n",
    "\n",
    "    def ___minibatch___(self, M, N, data):\n",
    "        if M == N:\n",
    "            return data\n",
    "        p = torch.ones(N)/N\n",
    "        index = p.multinomial(num_samples=M)\n",
    "        return data[index]\n",
    "\n",
    "    def ___diag___(self, U):\n",
    "        diag = []\n",
    "        for i in range(self.num_params):\n",
    "            diag.append(torch.t(U[i,:]) @ U[i,:])\n",
    "        return torch.tensor(diag)\n",
    "\n",
    "    def ___conditional___(self, D, U, D_p, U_p):\n",
    "        current_approx = D + U @ torch.t(U)\n",
    "        pevious_approx = D_p + U_p @ torch.t(U_p)\n",
    "        \n",
    "        return alg.matrix_norm(current_approx - pevious_approx) < self.error\n",
    "\n",
    "    def SLANG(self, data, stop = 2):\n",
    "        # Initializing\n",
    "        L = self.rank_approx\n",
    "        mean = self.means\n",
    "        u = np.zeros((self.num_params, L))\n",
    "        for i in range(L):\n",
    "            u[i][L-i-1] = 1/self.prior_std\n",
    "        U = torch.tensor(u, requires_grad=True, dtype=float)\n",
    "        D = self.presision\n",
    "\n",
    "        # previous U and D\n",
    "        U_p = torch.zeros((self.num_params, L), requires_grad=True) \n",
    "        D_p = torch.zeros((self.num_params, self.num_params), requires_grad=True)\n",
    "\n",
    "        lamb = 1/self.prior_std * torch.ones(self.num_params)\n",
    "        alpha = self.alpha\n",
    "        beta = self.beta\n",
    "        M = self.minibatch_size\n",
    "        N = data.shape[0]\n",
    "        counter = 0 \n",
    "        iter = 0\n",
    "        while counter < stop:\n",
    "            \n",
    "            if self.___conditional___(D, U, D_p, U_p):\n",
    "                counter += 1 \n",
    "            else:\n",
    "                counter = 0\n",
    "            \n",
    "            # generatind a sample from  θ_t ∼ N (θ|µ_t, (U_tU_t^T + D_t)^-1).\n",
    "            theta = self.___fast_sample___(mean, U, D, L)    # self.___sample___(mean, U, D)\n",
    "\n",
    "            # sample a minibatch\n",
    "            data_M = self.___minibatch___(M,N, data)\n",
    "\n",
    "            # backprop\n",
    "            g = self.___backprop_goodfellow___(M, data_M, theta) #, D + U @ torch.t(U), mean_p, D_p + U_p @ torch.t(U_p))\n",
    "\n",
    "            # getting the the matrix Q_{1:L}\\Lamda_{1:L}^{1/2}\n",
    "            G_hat = N/M*sum([g[:,i:i+1] @ torch.t(g[:,i:i+1]) for i in range(M)])\n",
    "            A = (1 - beta)*(U @ torch.t(U)) + beta*G_hat # are approximation is herman \n",
    "            V = self.___fast_eig___(A, L) \n",
    "\n",
    "            grad_d = (1 - beta) * (U**2).sum(dim=1) + beta * (g**2).sum(dim=1) - (V**2).sum(dim=1)\n",
    "\n",
    "            # updating U and D\n",
    "            U_p = U \n",
    "            D_p = D\n",
    "            \n",
    "            U = V\n",
    "            D = torch.diag((1 - beta)*torch.diagonal(D) + grad_d + beta*lamb)\n",
    "            #torch.diag(self.___diag___(U) + beta*torch.diagonal(G_hat) + (1 - beta)*torch.diagonal(D) + beta*lamb - self.___diag___(V))\n",
    "            \n",
    "            #\n",
    "\n",
    "            # caculating \n",
    "            mu_lamb = torch.zeros(self.num_params)\n",
    "            for i in range(self.num_params):\n",
    "                mu_lamb += lamb[i]*mean[i]\n",
    "            g_hat = sum([g[:,i] for i in range(M)]) + mu_lamb\n",
    "            grad_mean = self.___fast_inverse___(g_hat, U, D, L)\n",
    "            mean = mean - alpha*grad_mean\n",
    "\n",
    "            if iter >= self.decay_start:\n",
    "                alpha = alpha*self.decay\n",
    "                beta = beta*self.decay\n",
    "            else:\n",
    "                iter += 1\n",
    "            \n",
    "            current_approx = D + U @ torch.t(U)\n",
    "            pevious_approx = D_p + U_p @ torch.t(U_p)\n",
    "            print('error', alg.matrix_norm(current_approx - pevious_approx).detach().numpy())\n",
    "            #print('mean, cov',mean,torch.inverse(D + U @ torch.t(U)))\n",
    "            #print('D, U',D, U)\n",
    "\n",
    "        cov = torch.inverse(D + U @ torch.t(U))\n",
    "        self.cov = cov\n",
    "        self.means = mean\n",
    "        return mean, cov\n",
    "\n",
    "    def get_network(self):\n",
    "        return (self.means, self.cov)\n",
    "\n",
    "    def ___Q_from_qr___(self, A):\n",
    "        Q, _ = alg.qr(A)\n",
    "        return Q\n",
    "\n",
    "    def ___nystrom___(self, U, Q, anorm):\n",
    "        \"\"\"\n",
    "        Use the Nystrom method to obtain approximations to the\n",
    "        eigenvalues and eigenvectors of A (shifting A on the subspace\n",
    "        spanned by the columns of Q in order to make the shifted A be\n",
    "        positive definite).\n",
    "        \"\"\"\n",
    "        \n",
    "        def ___svd_thin_matrix___(A):\n",
    "            \"\"\"\n",
    "            Efficient implementation of SVD on [N x D] matrix, D >> N.\n",
    "            \"\"\"\n",
    "            (e, V) = alg.eigh(A @ A.t())\n",
    "            \n",
    "            Sigma = torch.sqrt(e)\n",
    "            SigInv = 1/Sigma \n",
    "            SigInv[torch.isnan(SigInv)] = 0\n",
    "            U = A.t() @ (V * SigInv)\n",
    "            \n",
    "            return U, Sigma, V\n",
    "            \n",
    "        anorm = .1e-6 * anorm * math.sqrt(1. * self.num_params)\n",
    "        E = U @ Q + anorm * Q\n",
    "        R = Q.t() @ E\n",
    "        R = (R + R.t()) / 2\n",
    "        R = alg.cholesky(R, upper=False) # Cholesky\n",
    "        tmp = alg.solve(R, E.t()) # Solve\n",
    "        V, d, _ = ___svd_thin_matrix___(tmp)\n",
    "        d = d * d - anorm\n",
    "        return d, V\n",
    "\n",
    "    # Alot of this this copped \n",
    "    def ___fast_eig___(self, A, L, n_iter = 8): # ?\n",
    "        # From Finding Structure with Randomness: Probabilistic Algorithms for Constructing Approximate Matrix Decompositi page 35 see usefull reading\n",
    "        # and based on the Github https://github.com/aaronpmishkin/SLANG \n",
    "        K = L + 2\n",
    "        Q = 2*(torch.rand((self.num_params, K), device= A.device, dtype= A.dtype)-0.5)\n",
    "        for _ in range(max(0, n_iter-1)):\n",
    "            Q = self.___Q_from_qr___(A @ Q)\n",
    "        \n",
    "        oldQ = Q\n",
    "        \n",
    "        Q = A @ Q\n",
    "        anorm = torch.max(torch.norm(Q, dim=0)/torch.norm(oldQ, dim=0))\n",
    "        Q = self.___Q_from_qr___(Q)\n",
    "        \n",
    "        d, V = self.___nystrom___(A, Q, anorm)\n",
    "\n",
    "        # Retain only the entries with the k greatest absolute values\n",
    "        _, idx = torch.abs(d).sort()\n",
    "        idx = idx[:L]\n",
    "        #print(alg.matrix_rank(V[:, idx]), d[idx])\n",
    "        \n",
    "        ret = V[:, idx] @ torch.diag(abs(d[idx])**0.5)\n",
    "        return ret.to(A.dtype)\n",
    "\n",
    "    \n",
    "    def forward(self, input, sampled_params):\n",
    "        # Forward pass using the sampled parameters\n",
    "        start = 0\n",
    "        for i, (dim_in, dim_out) in enumerate(zip(self.layer_sizes[:-1], self.layer_sizes[1:])):\n",
    "            end = start + dim_out * dim_in\n",
    "            weight = sampled_params[start:end].view(dim_out, dim_in)\n",
    "            start = end\n",
    "            end = start + dim_out\n",
    "            bias = sampled_params[start:end]\n",
    "            start = end\n",
    "            input = F.linear(input, weight, bias)\n",
    "            if i < len(self.layer_sizes) - 2:\n",
    "                input = F.relu(input)\n",
    "        return input  \n",
    "    \n",
    "    def ___backprop_goodfellow___(self, M, data_M, theta):#, cov, mean_p, cov_p):\n",
    "        theta.retain_grad()\n",
    "        g = torch.zeros((self.num_params, M))\n",
    "        for i in range(M):\n",
    "            # forward pass\n",
    "            pred = self.forward(data_M[i, :1], theta)\n",
    "            # backward pass with the log likelihood i.e. logp(Di|θt)\n",
    "            pred.backward(-1/(self.noise**2) * (data_M[i, 1:] - pred), retain_graph=True)\n",
    "            g[:,i] += theta.grad\n",
    "            theta.grad.zero_() # zero the gradients for the next sample\n",
    "            \n",
    "        return g\n",
    "    \n"
   ]
  },
  {
   "cell_type": "markdown",
   "metadata": {},
   "source": [
    "### Testing"
   ]
  },
  {
   "cell_type": "code",
   "execution_count": 3,
   "metadata": {},
   "outputs": [
    {
     "name": "stdout",
     "output_type": "stream",
     "text": [
      "error 2706719.241269909\n",
      "error 2437629.8135682223\n",
      "error 256114.72647759467\n",
      "error 25605.177804232593\n",
      "error 2569.7350483705914\n",
      "error 358.14266300753\n",
      "error 264.87888010830636\n",
      "error 162.41077759910672\n",
      "error 988.6953493901651\n",
      "error 113527305.74027342\n",
      "error 2214465582.781065\n",
      "error 211311743.73649445\n",
      "error 19497933.235290274\n",
      "error 8632268.417504594\n",
      "error 10769939.879329363\n",
      "error 39001139.10088704\n",
      "error 6197880.436075251\n",
      "error 53131326.15307643\n",
      "error 16856826.591917515\n",
      "error 63711087.21878761\n",
      "error 2061097582.3644614\n",
      "error 206109694.96865273\n",
      "error 2085476820.683949\n",
      "error 208003455.64220747\n",
      "error 56799363.61229747\n",
      "error 56311966.59692011\n",
      "error 2096467052.3809206\n",
      "error 1935519953.5873182\n",
      "error 179898073.8080742\n",
      "error 45721515.96762416\n",
      "error 5860531.5598681625\n",
      "error 17180445.95202518\n",
      "error 23802659.352833528\n",
      "error 2016491124.2567255\n",
      "error 1829934378.491888\n",
      "error 1907682135.4550729\n",
      "error 1918533582.3241768\n",
      "error 191082392.27894384\n",
      "error 11990126.407499637\n",
      "error 21215678.377390083\n",
      "error 2049464608.3592453\n",
      "error 90339719.52844945\n",
      "error 520432479.9976819\n",
      "error 203442231.23478526\n",
      "error 52855118.628401846\n",
      "error 46552925.91770692\n",
      "error 22541409.364842273\n",
      "error 11449033.001534758\n",
      "error 5727264.673308286\n",
      "error 1813616.966452024\n",
      "error 982366.7736683812\n",
      "error 786745.4523986571\n",
      "error 393980.50679764687\n",
      "error 126890.43589013549\n",
      "error 104465.45904229087\n",
      "error 54256.02671710992\n",
      "error 26797.212108771004\n",
      "error 13574.15000734948\n",
      "error 4379.847628701219\n",
      "error 2293.670483259791\n",
      "error 1139.363531084081\n",
      "error 943.5241377326365\n",
      "error 465.5829710998332\n",
      "error 240.36782160938807\n",
      "error 74.3436616221821\n",
      "error 63.311874354856236\n",
      "error 32.27773839869169\n",
      "error 10.498457911650217\n",
      "error 8.227418189354625\n",
      "error 4.15626161743764\n",
      "error 1.4087946344800026\n",
      "error 1.0807400397421036\n",
      "error 0.5583440710658667\n",
      "error 0.27906992136027226\n",
      "error 0.08851878854991659\n",
      "error 0.07263526700579791\n",
      "error 0.03772335320175189\n",
      "error 0.019632284522821414\n",
      "error 0.009817388106525531\n",
      "error 0.004916996573146685\n",
      "error 0.002539213450388711\n",
      "error 0.0008232531370497529\n",
      "error 0.0006638599188290208\n",
      "error 0.0003320343930761467\n",
      "error 0.000176225210022298\n",
      "error 8.699903221197258e-05\n",
      "error 2.911896064278431e-05\n",
      "error 1.4787654105562037e-05\n",
      "error 1.134747098095043e-05\n",
      "error 6.051463715265644e-06\n",
      "error 1.8642929561091653e-06\n",
      "error 1.5198580423349057e-06\n",
      "error 7.84105063044147e-07\n",
      "error 3.475929920126652e-07\n",
      "error 1.8849621739049067e-07\n",
      "error 1.8882915206707807e-07\n",
      "error 1.5769931429496484e-07\n",
      "error 6.225461722597242e-10\n",
      "error 7.353178996800223e-11\n",
      "error 1.594453160773795e-13\n",
      "mean tensor([ 6.0648,  4.8614,  0.5363,  7.1664,  8.1055,  5.9431,  6.7733,  2.7957,\n",
      "        -1.5546,  7.4183,  6.2290,  7.3747,  0.5864, -0.0473,  7.0728,  1.0466],\n",
      "       grad_fn=<SubBackward0>)\n",
      "cov tensor([[ 3.6683e-09, -1.5329e-30, -1.9369e-29,  2.9709e-28, -1.6048e-30,\n",
      "          1.0554e-29,  8.9546e-30,  1.1241e-28,  5.6423e-26,  9.2833e-30,\n",
      "         -4.9418e-31, -2.2056e-31,  6.3787e-30,  6.7601e-30, -4.1020e-31,\n",
      "          6.5695e-29],\n",
      "        [-1.5329e-30,  2.6169e-09, -1.6409e-29,  2.5131e-28, -1.3640e-30,\n",
      "          9.0229e-30,  7.6111e-30,  9.5895e-29,  4.7866e-26,  7.9304e-30,\n",
      "         -4.3082e-31, -1.8872e-31,  5.4917e-30,  5.7466e-30, -3.4709e-31,\n",
      "          5.6013e-29],\n",
      "        [-1.9369e-29, -1.6409e-29,  4.1369e-07,  3.1621e-27, -1.7126e-29,\n",
      "          1.1300e-28,  9.5564e-29,  1.2021e-27,  6.0151e-25,  9.9353e-29,\n",
      "         -5.3499e-30, -2.3626e-30,  6.8567e-29,  7.2150e-29, -4.3667e-30,\n",
      "          7.0233e-28],\n",
      "        [ 2.9709e-28,  2.5131e-28,  3.1621e-27,  6.3523e-05,  2.6240e-28,\n",
      "         -1.7306e-27, -1.4642e-27, -1.8413e-26, -9.2174e-24, -1.5217e-27,\n",
      "          8.1809e-29,  3.6181e-29, -1.0495e-27, -1.1054e-27,  6.6927e-29,\n",
      "         -1.0758e-26],\n",
      "        [-1.6048e-30, -1.3640e-30, -1.7126e-29,  2.6240e-28,  2.8452e-09,\n",
      "          9.3940e-30,  7.9367e-30,  9.9897e-29,  4.9940e-26,  8.2582e-30,\n",
      "         -4.4617e-31, -1.9643e-31,  5.7066e-30,  5.9922e-30, -3.6239e-31,\n",
      "          5.8359e-29],\n",
      "        [ 1.0554e-29,  9.0229e-30,  1.1300e-28, -1.7306e-27,  9.3940e-30,\n",
      "          3.6906e-08, -5.2418e-29, -6.6048e-28, -3.2964e-25, -5.4622e-29,\n",
      "          2.9685e-30,  1.2999e-30, -3.7831e-29, -3.9577e-29,  2.3903e-30,\n",
      "         -3.8579e-28],\n",
      "        [ 8.9546e-30,  7.6111e-30,  9.5564e-29, -1.4642e-27,  7.9367e-30,\n",
      "         -5.2418e-29,  2.6329e-08, -5.5742e-28, -2.7866e-25, -4.6081e-29,\n",
      "          2.4896e-30,  1.0961e-30, -3.1843e-29, -3.3436e-29,  2.0221e-30,\n",
      "         -3.2564e-28],\n",
      "        [ 1.1241e-28,  9.5895e-29,  1.2021e-27, -1.8413e-26,  9.9897e-29,\n",
      "         -6.6048e-28, -5.5742e-28,  4.1584e-06, -3.5062e-24, -5.8054e-28,\n",
      "          3.1482e-29,  1.3813e-29, -4.0174e-28, -4.2087e-28,  2.5431e-29,\n",
      "         -4.1011e-27],\n",
      "        [ 5.6423e-26,  4.7866e-26,  6.0151e-25, -9.2174e-24,  4.9940e-26,\n",
      "         -3.2964e-25, -2.7866e-25, -3.5062e-24,  6.4917e-04, -2.8981e-25,\n",
      "          1.5627e-26,  6.8925e-27, -2.0012e-25, -2.1039e-25,  1.2729e-26,\n",
      "         -2.0484e-24],\n",
      "        [ 9.2833e-30,  7.9304e-30,  9.9353e-29, -1.5217e-27,  8.2582e-30,\n",
      "         -5.4622e-29, -4.6081e-29, -5.8054e-28, -2.8981e-25,  2.8625e-08,\n",
      "          2.6070e-30,  1.1424e-30, -3.3240e-29, -3.4792e-29,  2.1016e-30,\n",
      "         -3.3910e-28],\n",
      "        [-4.9418e-31, -4.3082e-31, -5.3499e-30,  8.1809e-29, -4.4617e-31,\n",
      "          2.9685e-30,  2.4896e-30,  3.1482e-29,  1.5627e-26,  2.6070e-30,\n",
      "          2.3977e-09, -6.2136e-32,  1.8191e-30,  1.8800e-30, -1.1303e-31,\n",
      "          1.8379e-29],\n",
      "        [-2.2056e-31, -1.8872e-31, -2.3626e-30,  3.6181e-29, -1.9643e-31,\n",
      "          1.2999e-30,  1.0961e-30,  1.3813e-29,  6.8925e-27,  1.1424e-30,\n",
      "         -6.2136e-32,  3.1204e-09,  7.9147e-31,  8.2759e-31, -4.9972e-32,\n",
      "          8.0680e-30],\n",
      "        [ 6.3787e-30,  5.4917e-30,  6.8567e-29, -1.0495e-27,  5.7066e-30,\n",
      "         -3.7831e-29, -3.1843e-29, -4.0174e-28, -2.0012e-25, -3.3240e-29,\n",
      "          1.8191e-30,  7.9147e-31,  7.6407e-08, -2.4044e-29,  1.4497e-30,\n",
      "         -2.3461e-28],\n",
      "        [ 6.7601e-30,  5.7466e-30,  7.2150e-29, -1.1054e-27,  5.9922e-30,\n",
      "         -3.9577e-29, -3.3436e-29, -4.2087e-28, -2.1039e-25, -3.4792e-29,\n",
      "          1.8800e-30,  8.2759e-31, -2.4044e-29,  3.1299e-09,  1.5266e-30,\n",
      "         -2.4587e-28],\n",
      "        [-4.1020e-31, -3.4709e-31, -4.3667e-30,  6.6927e-29, -3.6239e-31,\n",
      "          2.3903e-30,  2.0221e-30,  2.5431e-29,  1.2729e-26,  2.1016e-30,\n",
      "         -1.1303e-31, -4.9972e-32,  1.4497e-30,  1.5266e-30,  1.3821e-09,\n",
      "          1.4858e-29],\n",
      "        [ 6.5695e-29,  5.6013e-29,  7.0233e-28, -1.0758e-26,  5.8359e-29,\n",
      "         -3.8579e-28, -3.2564e-28, -4.1011e-27, -2.0484e-24, -3.3910e-28,\n",
      "          1.8379e-29,  8.0680e-30, -2.3461e-28, -2.4587e-28,  1.4858e-29,\n",
      "          1.4320e-06]], dtype=torch.float64, grad_fn=<LinalgInvExBackward0>)\n"
     ]
    }
   ],
   "source": [
    "net = SLANG_GaussianNetwork([1,5,1], alpha = 0.9, beta = 0.9,\n",
    "                             inital_prior_std = 10,  rank_approx = 2,  \n",
    "                             minibatch_size = 5, decay = 0.51, decay_start = 40, error = 1e-7)\n",
    "data = torch.tensor([[0.01, 0.02], [1.5, 3.0], [1.2, 2.8], [5.05, 10.3], [1.6, 2.9], [1.5, 3.2], [1.3, 3.0]],   \n",
    "                     requires_grad=True)\n",
    "\n",
    "\n",
    "# Compute the cov wrt the sampled network parameters\n",
    "mean, Sig = net.SLANG(data)\n",
    "print('mean', mean)\n",
    "print('cov', Sig)"
   ]
  },
  {
   "cell_type": "markdown",
   "metadata": {},
   "source": [
    "### Regression Ground Truth & Dataset"
   ]
  },
  {
   "cell_type": "code",
   "execution_count": 4,
   "metadata": {},
   "outputs": [
    {
     "data": {
