{
 "cells": [
  {
   "cell_type": "markdown",
   "metadata": {},
   "source": [
    "## This is my attempt at implementing the SLANG algorithm"
   ]
  },
  {
   "cell_type": "markdown",
   "metadata": {},
   "source": [
    "importing"
   ]
  },
  {
   "cell_type": "code",
   "execution_count": 2,
   "metadata": {},
   "outputs": [],
   "source": [
    "%matplotlib inline\n",
    "\n",
    "import numpy as np\n",
    "import math\n",
    "import matplotlib\n",
    "import matplotlib.pyplot as plt\n",
    "\n",
    "import torch\n",
    "import torch.linalg as alg\n",
    "import torch.nn as nn\n",
    "import torch.nn.functional as F\n",
    "import torch.distributions as dist\n",
    "from torch.utils.data import Dataset, DataLoader\n",
    "\n",
    "from sklearn.model_selection import train_test_split\n",
    "#from tqdm import tqdm\n",
    "\n",
    "EPS = 1e-5  # define a small constant for numerical stability control"
   ]
  },
  {
   "cell_type": "markdown",
   "metadata": {},
   "source": [
    "### Class defined"
   ]
  },
  {
   "cell_type": "code",
   "execution_count": 116,
   "metadata": {},
   "outputs": [],
   "source": [
    "class SLANG_GaussianNetwork(nn.Module):\n",
    "    def __init__(self, layer_sizes, inital_prior_std = 0.1, inital_prior_mean = 0.0, alpha = 0.1, beta = 0.9,\n",
    "                 sqrt_width_scaling=False, device=None, dtype=None, minibatch_size = 1, error = 1e-12, rank_approx = 4, noise = 1, decay = 0.51, decay_start = 100):\n",
    "        \n",
    "        factory_kwargs = {'device': device, 'dtype': dtype}\n",
    "        super(SLANG_GaussianNetwork, self).__init__()\n",
    "        \n",
    "        # Store network dimensions and other parameters\n",
    "        self.layer_sizes = layer_sizes  # dimension of network layer input \n",
    "        self.dim_in = layer_sizes[0] \n",
    "        self.dim_out = layer_sizes[-1]\n",
    "\n",
    "        self.num_params = sum(dim_in * dim_out + dim_out for dim_in, dim_out in zip(layer_sizes[:-1], layer_sizes[1:])) # number of parameters\n",
    "        \n",
    "        self.decay = decay\n",
    "        self.decay_start = decay_start\n",
    "        self.alpha = alpha\n",
    "        self.beta = beta\n",
    "        self.minibatch_size = minibatch_size \n",
    "        self.error = error\n",
    "        self.rank_approx = rank_approx\n",
    "        self.noise = noise\n",
    "        # prior parameters are registered as buffers so they can be alteared  \n",
    "        self.register_buffer('prior_means', torch.ones(self.num_params, **factory_kwargs)*inital_prior_mean)\n",
    "\n",
    "        # prior covariance matrix\n",
    "        prior_cov = torch.diag(torch.ones(self.num_params, **factory_kwargs)*inital_prior_std)\n",
    "        # prior variance scales as 1/dim_in\n",
    "        if sqrt_width_scaling:  \n",
    "            prior_cov /= self.dim_in ** 0.5\n",
    "        \n",
    "        self.prior_mean = inital_prior_mean\n",
    "        self.prior_std = inital_prior_std \n",
    "    \n",
    "    def ___dia_inv___(self, D):\n",
    "        '''the inveres of a 2D diagonal matrix'''\n",
    "        d = torch.zeros(self.num_params, self.num_params)\n",
    "        for i in range(self.num_params):\n",
    "            if D[i,i] == 0:\n",
    "                d[i,i] = 1.e12\n",
    "            else:\n",
    "                d[i,i] = 1/D[i,i]\n",
    "        return d\n",
    "\n",
    "\n",
    "    def ___fast_inverse___(self, g, U, D, L):\n",
    "        D_inv = self.___dia_inv___(D) # D^{-1}\n",
    "        I_L = torch.eye(L) # I size L\n",
    "        U_Td_invU = torch.t(U) @ D_inv @ U # U^T.D^{-1}.U\n",
    "        A = alg.inv(I_L + U_Td_invU) # A = (I_L + U^T.D^{-1}.U)^{-1}\n",
    "\n",
    "        UAU_T = U @ A @ torch.t(U) # U.A.U^T\n",
    "        D_inv_g = D_inv @ g # D^{-1}.g\n",
    "        y = D_inv_g - D_inv @ UAU_T @ D_inv_g  # D^{-1}.g - D^{-1}.U^T.A.U.D^{-1}.g\n",
    "\n",
    "        return y\n",
    "\n",
    "    \n",
    "\n",
    "\n",
    "    def ___fast_sample___(self, mean, U, D, L):\n",
    "        '''since covarance matrix approx is equal to (D + UU^T)^{-1} the squar root of (D + UU^T)^{-1} gives us what we need for the reparametivation trick'''\n",
    "        eps = torch.normal(0,1,size = (self.num_params, 1))\n",
    "        print(' U, D,', U, D,)\n",
    "        Dinv_root = self.___dia_inv___(D)**(1/2) # D^(-1/2)\n",
    "        print('d-1/2', Dinv_root)\n",
    "        V = Dinv_root @ U # V = D^(-1/2) U\n",
    "        print('v',V)\n",
    "        Sig = Dinv_root @ (torch.eye(self.num_params) - V @ torch.inverse(torch.eye(L) + torch.t(V) @ V) @ torch.t(V)) @ Dinv_root\n",
    "        print('sig',Sig)\n",
    "        pse = 1e-6 * torch.eye(self.num_params)\n",
    "        Sig_root_eps = alg.cholesky(Sig + pse) @ eps\n",
    "        return mean + torch.squeeze(Sig_root_eps)\n",
    "\n",
    "    def ___minibatch___(self, M, N, data):\n",
    "        if M == data.size()[0]:\n",
    "            return data\n",
    "        p = torch.ones(N)/N\n",
    "        index = p.multinomial(num_samples=M)\n",
    "        return data[index]\n",
    "\n",
    "\n",
    "    def ___conditional___(self, D, U, D_p, U_p):\n",
    "        current_approx = D + U @ torch.t(U)\n",
    "        pevious_approx = D_p + U_p @ torch.t(U_p)\n",
    "        \n",
    "        return alg.matrix_norm(current_approx - pevious_approx) < self.error\n",
    "\n",
    "    def SLANG(self, data):\n",
    "        # Initializing\n",
    "        L = self.rank_approx\n",
    "        mean = self.prior_means\n",
    "        U = torch.rand((self.num_params, L), requires_grad=True)\n",
    "        D = torch.diag(torch.ones(self.num_params, requires_grad=True)*self.prior_std)\n",
    "\n",
    "        # previous U and D\n",
    "        U_p = torch.zeros((self.num_params, L), requires_grad=True) \n",
    "        D_p = torch.zeros((self.num_params, self.num_params), requires_grad=True)\n",
    "\n",
    "        lamb = 1/self.prior_std * torch.ones(self.num_params)\n",
    "        alpha = self.alpha\n",
    "        beta = self.beta\n",
    "        M = self.minibatch_size\n",
    "        N = data.shape[0]\n",
    "        counter = 0 \n",
    "        iter = 0\n",
    "        while counter < 2:\n",
    "            \n",
    "            if self.___conditional___(D, U, D_p, U_p):\n",
    "                counter += 1 \n",
    "            else:\n",
    "                counter = 0\n",
    "            \n",
    "            # generatind a sample from  θ_t ∼ N (θ|µ_t, U_tU_t^T + D_t).\n",
    "            theta = self.___fast_sample___(mean, U, D, L)\n",
    "\n",
    "            # sample a minibatch\n",
    "            data_M = self.___minibatch___(M,N, data)\n",
    "\n",
    "            # backprop\n",
    "            g = self.___backprop_goodfellow___(M, data_M, theta) #, D + U @ torch.t(U), mean_p, D_p + U_p @ torch.t(U_p))\n",
    "\n",
    "            # getting the the matrix Q_{1:L}\\Lamda_{1:L}^{1/2}\n",
    "            G_hat = N/M*sum([g[:,i:i+1] @ torch.t(g[:,i:i+1]) for i in range(M)])\n",
    "            A = (1 - beta)*(U @ torch.t(U)) + beta*G_hat # are approximation is herman \n",
    "            V = self.___fast_eig___(A, L) \n",
    "\n",
    "            grad_d = (1 - beta) * (U**2).sum(dim=1) + beta * (g**2).sum(dim=1) - (V**2).sum(dim=1)\n",
    "\n",
    "            # updating U and D\n",
    "            U_p = U \n",
    "            D_p = D\n",
    "            \n",
    "            U = V\n",
    "            D = torch.diag((1 - beta)*torch.diagonal(D) + grad_d + beta*lamb)\n",
    "\n",
    "            # caculating \n",
    "            mu_lamb = torch.zeros(self.num_params)\n",
    "            for i in range(self.num_params):\n",
    "                mu_lamb += lamb[i]*mean[i]\n",
    "            g_hat = sum([g[:,i] for i in range(M)]) + mu_lamb\n",
    "            grad_mean = self.___fast_inverse___(g_hat, U, D, L)\n",
    "            mean = mean - alpha*grad_mean\n",
    "\n",
    "            if iter > self.decay_start:\n",
    "                alpha = alpha*self.decay\n",
    "                beta = beta*self.decay\n",
    "            else:\n",
    "                iter += 1\n",
    "\n",
    "            # updating prior\n",
    "            \n",
    "\n",
    "            \n",
    "            current_approx = D + U @ torch.t(U)\n",
    "            pevious_approx = D_p + U_p @ torch.t(U_p)\n",
    "            print('error', alg.matrix_norm(current_approx - pevious_approx).detach().numpy())\n",
    "\n",
    "        cov = torch.inverse(D + U @ torch.t(U))\n",
    "        return mean, cov\n",
    "\n",
    "    def ___Q_from_qr___(self, A):\n",
    "        Q, _ = alg.qr(A)\n",
    "        return Q\n",
    "\n",
    "    def ___nystrom___(self, U, Q, anorm):\n",
    "        \"\"\"\n",
    "        Use the Nystrom method to obtain approximations to the\n",
    "        eigenvalues and eigenvectors of A (shifting A on the subspace\n",
    "        spanned by the columns of Q in order to make the shifted A be\n",
    "        positive definite).\n",
    "        \"\"\"\n",
    "        \n",
    "        def ___svd_thin_matrix___(A):\n",
    "            \"\"\"\n",
    "            Efficient implementation of SVD on [N x D] matrix, D >> N.\n",
    "            \"\"\"\n",
    "            (e, V) = alg.eigh(A @ A.t())\n",
    "            \n",
    "            Sigma = torch.sqrt(e)\n",
    "            SigInv = 1/Sigma \n",
    "            SigInv[torch.isnan(SigInv)] = 0\n",
    "            U = A.t() @ (V * SigInv)\n",
    "            \n",
    "            return U, Sigma, V\n",
    "            \n",
    "        anorm = .1e-6 * anorm * math.sqrt(1. * self.num_params)\n",
    "        E = U @ Q + anorm * Q\n",
    "        R = Q.t() @ E\n",
    "        R = (R + R.t()) / 2\n",
    "        R = alg.cholesky(R, upper=False) # Cholesky\n",
    "        tmp = alg.solve(R, E.t()) # Solve\n",
    "        V, d, _ = ___svd_thin_matrix___(tmp)\n",
    "        d = d * d - anorm\n",
    "        return d, V\n",
    "\n",
    "    # Alot of this this copped \n",
    "    def ___fast_eig___(self, A, L, n_iter = 8): # ?\n",
    "        # From Finding Structure with Randomness: Probabilistic Algorithms for Constructing Approximate Matrix Decompositi page 35 see usefull reading\n",
    "        # and based on the Github https://github.com/aaronpmishkin/SLANG \n",
    "        K = L + 2\n",
    "        Q = 2*(torch.rand((self.num_params, K), device= A.device, dtype= A.dtype)-0.5)\n",
    "        for _ in range(max(0, n_iter-1)):\n",
    "            Q = self.___Q_from_qr___(A @ Q)\n",
    "        \n",
    "        oldQ = Q\n",
    "        \n",
    "        Q = A @ Q\n",
    "        anorm = torch.max(torch.norm(Q, dim=0)/torch.norm(oldQ, dim=0))\n",
    "        Q = self.___Q_from_qr___(Q)\n",
    "        \n",
    "        d, V = self.___nystrom___(A, Q, anorm)\n",
    "\n",
    "        # Retain only the entries with the k greatest absolute values\n",
    "        _, idx = torch.abs(d).sort()\n",
    "        idx = idx[:L]\n",
    "        #print(alg.matrix_rank(V[:, idx]), d[idx])\n",
    "        return V[:, idx] @ torch.diag(abs(d[idx])**0.5)\n",
    "\n",
    "    \n",
    "    def forward(self, input, sampled_params):\n",
    "        # Forward pass using the sampled parameters\n",
    "        start = 0\n",
    "        for i, (dim_in, dim_out) in enumerate(zip(self.layer_sizes[:-1], self.layer_sizes[1:])):\n",
    "            end = start + dim_out * dim_in\n",
    "            weight = sampled_params[start:end].view(dim_out, dim_in)\n",
    "            start = end\n",
    "            end = start + dim_out\n",
    "            bias = sampled_params[start:end]\n",
    "            start = end\n",
    "            input = F.linear(input, weight, bias)\n",
    "            if i < len(self.layer_sizes) - 2:\n",
    "                input = F.leaky_relu(input)\n",
    "        return input  \n",
    "    \n",
    "    def ___backprop_goodfellow___(self, M, data_M, theta):#, cov, mean_p, cov_p):\n",
    "        theta.retain_grad()\n",
    "        g = torch.zeros((self.num_params, M))\n",
    "        for i in range(M):\n",
    "            # forward pass\n",
    "            pred = self.forward(data_M[i, :1], theta)\n",
    "            # backward pass with the log likelihood i.e. logp(Di|θt)\n",
    "            pred.backward(-1/(self.noise**2) * (data_M[i, 1:] - pred), retain_graph=True)\n",
    "            g[:,i] += theta.grad\n",
    "            theta.grad.zero_() # zero the gradients for the next sample\n",
    "            \n",
    "        return g\n",
    "    \n"
   ]
  },
  {
   "cell_type": "markdown",
   "metadata": {},
   "source": [
    "### Testing"
   ]
  },
  {
   "cell_type": "code",
   "execution_count": 117,
   "metadata": {},
   "outputs": [
    {
     "name": "stdout",
     "output_type": "stream",
     "text": [
      " U, D, tensor([[0.8079, 0.9754],\n",
      "        [0.9416, 0.7899],\n",
      "        [0.3115, 0.1540],\n",
      "        [0.0262, 0.0729],\n",
      "        [0.5213, 0.1344],\n",
      "        [0.3175, 0.3534],\n",
      "        [0.0897, 0.0886]], requires_grad=True) tensor([[10.,  0.,  0.,  0.,  0.,  0.,  0.],\n",
      "        [ 0., 10.,  0.,  0.,  0.,  0.,  0.],\n",
      "        [ 0.,  0., 10.,  0.,  0.,  0.,  0.],\n",
      "        [ 0.,  0.,  0., 10.,  0.,  0.,  0.],\n",
      "        [ 0.,  0.,  0.,  0., 10.,  0.,  0.],\n",
      "        [ 0.,  0.,  0.,  0.,  0., 10.,  0.],\n",
      "        [ 0.,  0.,  0.,  0.,  0.,  0., 10.]], grad_fn=<DiagEmbedBackward0>)\n",
      "d-1/2 tensor([[0.3162, 0.0000, 0.0000, 0.0000, 0.0000, 0.0000, 0.0000],\n",
      "        [0.0000, 0.3162, 0.0000, 0.0000, 0.0000, 0.0000, 0.0000],\n",
      "        [0.0000, 0.0000, 0.3162, 0.0000, 0.0000, 0.0000, 0.0000],\n",
      "        [0.0000, 0.0000, 0.0000, 0.3162, 0.0000, 0.0000, 0.0000],\n",
      "        [0.0000, 0.0000, 0.0000, 0.0000, 0.3162, 0.0000, 0.0000],\n",
      "        [0.0000, 0.0000, 0.0000, 0.0000, 0.0000, 0.3162, 0.0000],\n",
      "        [0.0000, 0.0000, 0.0000, 0.0000, 0.0000, 0.0000, 0.3162]],\n",
      "       grad_fn=<PowBackward0>)\n",
      "v tensor([[0.2555, 0.3084],\n",
      "        [0.2978, 0.2498],\n",
      "        [0.0985, 0.0487],\n",
      "        [0.0083, 0.0231],\n",
      "        [0.1648, 0.0425],\n",
      "        [0.1004, 0.1117],\n",
      "        [0.0284, 0.0280]], grad_fn=<MmBackward0>)\n",
      "sig tensor([[ 8.8190e-02, -1.1181e-02, -2.8992e-03, -6.9072e-04, -3.9335e-03,\n",
      "         -4.4184e-03, -1.1639e-03],\n",
      "        [-1.1181e-02,  8.8934e-02, -3.0529e-03, -5.9656e-04, -4.4105e-03,\n",
      "         -4.2244e-03, -1.1292e-03],\n",
      "        [-2.8992e-03, -3.0529e-03,  9.9091e-02, -1.3283e-04, -1.4055e-03,\n",
      "         -1.1113e-03, -3.0322e-04],\n",
      "        [-6.9072e-04, -5.9656e-04, -1.3283e-04,  9.9953e-02, -1.4822e-04,\n",
      "         -2.5346e-04, -6.4819e-05],\n",
      "        [-3.9335e-03, -4.4105e-03, -1.4055e-03, -1.4822e-04,  9.7710e-02,\n",
      "         -1.5309e-03, -4.2664e-04],\n",
      "        [-4.4184e-03, -4.2244e-03, -1.1113e-03, -2.5346e-04, -1.5309e-03,\n",
      "          9.8343e-02, -4.3781e-04],\n",
      "        [-1.1639e-03, -1.1292e-03, -3.0322e-04, -6.4819e-05, -4.2664e-04,\n",
      "         -4.3781e-04,  9.9884e-02]], grad_fn=<MmBackward0>)\n",
      "error 25.340717\n",
      " U, D, tensor([[ 0.0111, -0.1487],\n",
      "        [-0.0141,  0.1440],\n",
      "        [ 0.0193,  0.0853],\n",
      "        [-0.0127,  0.0050],\n",
      "        [ 0.0200,  0.1792],\n",
      "        [-0.0260,  0.0510],\n",
      "        [ 0.0012, -0.1179]], grad_fn=<MmBackward0>) tensor([[ 5.7931,  0.0000,  0.0000,  0.0000,  0.0000,  0.0000,  0.0000],\n",
      "        [ 0.0000,  1.2203,  0.0000,  0.0000,  0.0000,  0.0000,  0.0000],\n",
      "        [ 0.0000,  0.0000,  3.2652,  0.0000,  0.0000,  0.0000,  0.0000],\n",
      "        [ 0.0000,  0.0000,  0.0000,  1.0905,  0.0000,  0.0000,  0.0000],\n",
      "        [ 0.0000,  0.0000,  0.0000,  0.0000,  6.2023,  0.0000,  0.0000],\n",
      "        [ 0.0000,  0.0000,  0.0000,  0.0000,  0.0000,  1.1095,  0.0000],\n",
      "        [ 0.0000,  0.0000,  0.0000,  0.0000,  0.0000,  0.0000, 26.3961]],\n",
      "       grad_fn=<DiagEmbedBackward0>)\n",
      "d-1/2 tensor([[0.4155, 0.0000, 0.0000, 0.0000, 0.0000, 0.0000, 0.0000],\n",
      "        [0.0000, 0.9052, 0.0000, 0.0000, 0.0000, 0.0000, 0.0000],\n",
      "        [0.0000, 0.0000, 0.5534, 0.0000, 0.0000, 0.0000, 0.0000],\n",
      "        [0.0000, 0.0000, 0.0000, 0.9576, 0.0000, 0.0000, 0.0000],\n",
      "        [0.0000, 0.0000, 0.0000, 0.0000, 0.4015, 0.0000, 0.0000],\n",
      "        [0.0000, 0.0000, 0.0000, 0.0000, 0.0000, 0.9494, 0.0000],\n",
      "        [0.0000, 0.0000, 0.0000, 0.0000, 0.0000, 0.0000, 0.1946]],\n",
      "       grad_fn=<PowBackward0>)\n",
      "v tensor([[ 0.0046, -0.0618],\n",
      "        [-0.0128,  0.1303],\n",
      "        [ 0.0107,  0.0472],\n",
      "        [-0.0122,  0.0048],\n",
      "        [ 0.0080,  0.0720],\n",
      "        [-0.0247,  0.0484],\n",
      "        [ 0.0002, -0.0229]], grad_fn=<MmBackward0>)\n",
      "sig tensor([[ 1.7198e-01,  2.9585e-03,  6.3944e-04,  1.3591e-04,  7.1330e-04,\n",
      "          1.1879e-03, -1.1126e-04],\n",
      "        [ 2.9585e-03,  8.0584e-01, -2.9222e-03, -6.5670e-04, -3.2691e-03,\n",
      "         -5.5237e-03,  5.1142e-04],\n",
      "        [ 6.3944e-04, -2.9222e-03,  3.0557e-01, -4.6686e-05, -7.5184e-04,\n",
      "         -1.0253e-03,  1.1295e-04],\n",
      "        [ 1.3591e-04, -6.5670e-04, -4.6686e-05,  9.1686e-01, -9.0345e-05,\n",
      "         -4.7662e-04,  2.0307e-05],\n",
      "        [ 7.1330e-04, -3.2691e-03, -7.5184e-04, -9.0345e-05,  1.6041e-01,\n",
      "         -1.2115e-03,  1.2503e-04],\n",
      "        [ 1.1879e-03, -5.5237e-03, -1.0253e-03, -4.7662e-04, -1.2115e-03,\n",
      "          8.9869e-01,  1.9996e-04],\n",
      "        [-1.1126e-04,  5.1142e-04,  1.1295e-04,  2.0307e-05,  1.2503e-04,\n",
      "          1.9996e-04,  3.7865e-02]], grad_fn=<MmBackward0>)\n",
      "error 845.20465\n",
      " U, D, tensor([[ 3.2331e-03, -4.7041e-02],\n",
      "        [-7.0441e-03,  5.0882e-02],\n",
      "        [ 6.0088e-03,  2.7030e-02],\n",
      "        [-4.4095e-03, -6.5914e-03],\n",
      "        [ 6.2995e-03,  5.6733e-02],\n",
      "        [-2.2329e-03,  1.6365e-02],\n",
      "        [ 8.1255e-05, -2.2562e-02]], grad_fn=<MmBackward0>) tensor([[6.7087e-01, 0.0000e+00, 0.0000e+00, 0.0000e+00, 0.0000e+00, 0.0000e+00,\n",
      "         0.0000e+00],\n",
      "        [0.0000e+00, 4.0880e+01, 0.0000e+00, 0.0000e+00, 0.0000e+00, 0.0000e+00,\n",
      "         0.0000e+00],\n",
      "        [0.0000e+00, 0.0000e+00, 4.1725e-01, 0.0000e+00, 0.0000e+00, 0.0000e+00,\n",
      "         0.0000e+00],\n",
      "        [0.0000e+00, 0.0000e+00, 0.0000e+00, 1.9326e+01, 0.0000e+00, 0.0000e+00,\n",
      "         0.0000e+00],\n",
      "        [0.0000e+00, 0.0000e+00, 0.0000e+00, 0.0000e+00, 7.1102e-01, 0.0000e+00,\n",
      "         0.0000e+00],\n",
      "        [0.0000e+00, 0.0000e+00, 0.0000e+00, 0.0000e+00, 0.0000e+00, 8.4428e+02,\n",
      "         0.0000e+00],\n",
      "        [0.0000e+00, 0.0000e+00, 0.0000e+00, 0.0000e+00, 0.0000e+00, 0.0000e+00,\n",
      "         6.4787e+01]], grad_fn=<DiagEmbedBackward0>)\n",
      "d-1/2 tensor([[1.2209, 0.0000, 0.0000, 0.0000, 0.0000, 0.0000, 0.0000],\n",
      "        [0.0000, 0.1564, 0.0000, 0.0000, 0.0000, 0.0000, 0.0000],\n",
      "        [0.0000, 0.0000, 1.5481, 0.0000, 0.0000, 0.0000, 0.0000],\n",
      "        [0.0000, 0.0000, 0.0000, 0.2275, 0.0000, 0.0000, 0.0000],\n",
      "        [0.0000, 0.0000, 0.0000, 0.0000, 1.1859, 0.0000, 0.0000],\n",
      "        [0.0000, 0.0000, 0.0000, 0.0000, 0.0000, 0.0344, 0.0000],\n",
      "        [0.0000, 0.0000, 0.0000, 0.0000, 0.0000, 0.0000, 0.1242]],\n",
      "       grad_fn=<PowBackward0>)\n",
      "v tensor([[ 3.9473e-03, -5.7432e-02],\n",
      "        [-1.1017e-03,  7.9580e-03],\n",
      "        [ 9.3024e-03,  4.1846e-02],\n",
      "        [-1.0030e-03, -1.4994e-03],\n",
      "        [ 7.4707e-03,  6.7281e-02],\n",
      "        [-7.6845e-05,  5.6322e-04],\n",
      "        [ 1.0095e-05, -2.8030e-03]], grad_fn=<MmBackward0>)\n",
      "sig tensor([[ 1.4857e+00,  8.7282e-05,  4.4292e-03, -2.2578e-05,  5.4985e-03,\n",
      "          1.3591e-06, -2.4192e-05],\n",
      "        [ 8.7282e-05,  2.4460e-02, -7.7375e-05,  3.8100e-07, -9.6838e-05,\n",
      "         -2.4356e-08,  4.2956e-07],\n",
      "        [ 4.4292e-03, -7.7375e-05,  2.3923e+00,  2.5156e-05, -5.2460e-03,\n",
      "         -1.2056e-06,  2.2323e-05],\n",
      "        [-2.2578e-05,  3.8100e-07,  2.5156e-05,  5.1744e-02,  2.8961e-05,\n",
      "          5.9424e-09, -1.1730e-07],\n",
      "        [ 5.4985e-03, -9.6838e-05, -5.2460e-03,  2.8961e-05,  1.4000e+00,\n",
      "         -1.5085e-06,  2.7508e-05],\n",
      "        [ 1.3591e-06, -2.4356e-08, -1.2056e-06,  5.9424e-09, -1.5085e-06,\n",
      "          1.1844e-03,  6.6897e-09],\n",
      "        [-2.4192e-05,  4.2956e-07,  2.2323e-05, -1.1730e-07,  2.7508e-05,\n",
      "          6.6897e-09,  1.5435e-02]], grad_fn=<MmBackward0>)\n",
      "error 450.26376\n",
      " U, D, tensor([[-1.1042e-03, -1.5112e-02],\n",
      "        [ 2.2753e-03,  1.6089e-02],\n",
      "        [-1.8622e-03,  8.6519e-03],\n",
      "        [ 1.3825e-03, -2.0934e-03],\n",
      "        [-1.9200e-03,  1.7847e-02],\n",
      "        [ 3.2712e-05,  7.7292e-04],\n",
      "        [-2.1524e-05,  9.4004e-05]], grad_fn=<MmBackward0>) tensor([[5.6362e-01, 0.0000e+00, 0.0000e+00, 0.0000e+00, 0.0000e+00, 0.0000e+00,\n",
      "         0.0000e+00],\n",
      "        [0.0000e+00, 4.1784e+00, 0.0000e+00, 0.0000e+00, 0.0000e+00, 0.0000e+00,\n",
      "         0.0000e+00],\n",
      "        [0.0000e+00, 0.0000e+00, 1.4979e-01, 0.0000e+00, 0.0000e+00, 0.0000e+00,\n",
      "         0.0000e+00],\n",
      "        [0.0000e+00, 0.0000e+00, 0.0000e+00, 2.0226e+00, 0.0000e+00, 0.0000e+00,\n",
      "         0.0000e+00],\n",
      "        [0.0000e+00, 0.0000e+00, 0.0000e+00, 0.0000e+00, 2.7052e-01, 0.0000e+00,\n",
      "         0.0000e+00],\n",
      "        [0.0000e+00, 0.0000e+00, 0.0000e+00, 0.0000e+00, 0.0000e+00, 3.9832e+02,\n",
      "         0.0000e+00],\n",
      "        [0.0000e+00, 0.0000e+00, 0.0000e+00, 0.0000e+00, 0.0000e+00, 0.0000e+00,\n",
      "         1.1184e+02]], grad_fn=<DiagEmbedBackward0>)\n",
      "d-1/2 tensor([[1.3320, 0.0000, 0.0000, 0.0000, 0.0000, 0.0000, 0.0000],\n",
      "        [0.0000, 0.4892, 0.0000, 0.0000, 0.0000, 0.0000, 0.0000],\n",
      "        [0.0000, 0.0000, 2.5838, 0.0000, 0.0000, 0.0000, 0.0000],\n",
      "        [0.0000, 0.0000, 0.0000, 0.7031, 0.0000, 0.0000, 0.0000],\n",
      "        [0.0000, 0.0000, 0.0000, 0.0000, 1.9226, 0.0000, 0.0000],\n",
      "        [0.0000, 0.0000, 0.0000, 0.0000, 0.0000, 0.0501, 0.0000],\n",
      "        [0.0000, 0.0000, 0.0000, 0.0000, 0.0000, 0.0000, 0.0946]],\n",
      "       grad_fn=<PowBackward0>)\n",
      "v tensor([[-1.4708e-03, -2.0130e-02],\n",
      "        [ 1.1131e-03,  7.8708e-03],\n",
      "        [-4.8117e-03,  2.2355e-02],\n",
      "        [ 9.7208e-04, -1.4720e-03],\n",
      "        [-3.6914e-03,  3.4314e-02],\n",
      "        [ 1.6390e-06,  3.8727e-05],\n",
      "        [-2.0353e-06,  8.8889e-06]], grad_fn=<MmBackward0>)\n",
      "sig tensor([[ 1.7735e+00,  1.0409e-04,  1.5210e-03, -2.6350e-05,  1.7513e-03,\n",
      "          5.2080e-08,  2.2111e-08],\n",
      "        [ 1.0409e-04,  2.3931e-01, -2.1516e-04,  3.6042e-06, -2.4963e-04,\n",
      "         -7.5007e-09, -3.1247e-09],\n",
      "        [ 1.5210e-03, -2.1516e-04,  6.6727e+00,  6.8143e-05, -3.8906e-03,\n",
      "         -1.1082e-07, -5.0834e-08],\n",
      "        [-2.6350e-05,  3.6042e-06,  6.8143e-05,  4.9441e-01,  7.2979e-05,\n",
      "          1.9477e-09,  9.9948e-10],\n",
      "        [ 1.7513e-03, -2.4963e-04, -3.8906e-03,  7.2979e-05,  3.6922e+00,\n",
      "         -1.2716e-07, -5.6696e-08],\n",
      "        [ 5.2080e-08, -7.5007e-09, -1.1082e-07,  1.9477e-09, -1.2716e-07,\n",
      "          2.5105e-03, -1.6116e-12],\n",
      "        [ 2.2111e-08, -3.1247e-09, -5.0834e-08,  9.9948e-10, -5.6696e-08,\n",
      "         -1.6116e-12,  8.9413e-03]], grad_fn=<MmBackward0>)\n",
      "error 34608.87\n",
      " U, D, tensor([[ 2.7893e-04, -8.3625e-03],\n",
      "        [-1.6013e-04, -1.9462e-05],\n",
      "        [ 7.7510e-04, -4.4079e-02],\n",
      "        [ 1.3284e-05,  2.4242e-04],\n",
      "        [ 3.7775e-04,  3.0911e-02],\n",
      "        [-1.0744e-02,  4.2946e-05],\n",
      "        [ 8.7114e-03,  2.7768e-03]], grad_fn=<MmBackward0>) tensor([[1.3966e+04, 0.0000e+00, 0.0000e+00, 0.0000e+00, 0.0000e+00, 0.0000e+00,\n",
      "         0.0000e+00],\n",
      "        [0.0000e+00, 8.2634e-01, 0.0000e+00, 0.0000e+00, 0.0000e+00, 0.0000e+00,\n",
      "         0.0000e+00],\n",
      "        [0.0000e+00, 0.0000e+00, 1.0720e+04, 0.0000e+00, 0.0000e+00, 0.0000e+00,\n",
      "         0.0000e+00],\n",
      "        [0.0000e+00, 0.0000e+00, 0.0000e+00, 5.3671e-01, 0.0000e+00, 0.0000e+00,\n",
      "         0.0000e+00],\n",
      "        [0.0000e+00, 0.0000e+00, 0.0000e+00, 0.0000e+00, 2.9760e+04, 0.0000e+00,\n",
      "         0.0000e+00],\n",
      "        [0.0000e+00, 0.0000e+00, 0.0000e+00, 0.0000e+00, 0.0000e+00, 1.6572e+03,\n",
      "         0.0000e+00],\n",
      "        [0.0000e+00, 0.0000e+00, 0.0000e+00, 0.0000e+00, 0.0000e+00, 0.0000e+00,\n",
      "         8.9399e+02]], grad_fn=<DiagEmbedBackward0>)\n",
      "d-1/2 tensor([[0.0085, 0.0000, 0.0000, 0.0000, 0.0000, 0.0000, 0.0000],\n",
      "        [0.0000, 1.1001, 0.0000, 0.0000, 0.0000, 0.0000, 0.0000],\n",
      "        [0.0000, 0.0000, 0.0097, 0.0000, 0.0000, 0.0000, 0.0000],\n",
      "        [0.0000, 0.0000, 0.0000, 1.3650, 0.0000, 0.0000, 0.0000],\n",
      "        [0.0000, 0.0000, 0.0000, 0.0000, 0.0058, 0.0000, 0.0000],\n",
      "        [0.0000, 0.0000, 0.0000, 0.0000, 0.0000, 0.0246, 0.0000],\n",
      "        [0.0000, 0.0000, 0.0000, 0.0000, 0.0000, 0.0000, 0.0334]],\n",
      "       grad_fn=<PowBackward0>)\n",
      "v tensor([[ 2.3603e-06, -7.0761e-05],\n",
      "        [-1.7616e-04, -2.1409e-05],\n",
      "        [ 7.4861e-06, -4.2573e-04],\n",
      "        [ 1.8132e-05,  3.3090e-04],\n",
      "        [ 2.1897e-06,  1.7918e-04],\n",
      "        [-2.6392e-04,  1.0550e-06],\n",
      "        [ 2.9136e-04,  9.2871e-05]], grad_fn=<MmBackward0>)\n",
      "sig tensor([[ 7.1601e-05, -1.0232e-11, -2.4635e-12,  2.6995e-10,  6.2167e-13,\n",
      "          1.4500e-13,  1.6652e-12],\n",
      "        [-1.0232e-11,  1.2102e+00, -8.2830e-11,  1.5434e-08,  2.6923e-11,\n",
      "         -1.2558e-09,  1.9615e-09],\n",
      "        [-2.4635e-12, -8.2830e-11,  9.3284e-05,  1.8554e-09,  4.2700e-12,\n",
      "          5.7533e-13,  1.2067e-11],\n",
      "        [ 2.6995e-10,  1.5434e-08,  1.8554e-09,  1.8632e+00, -4.6946e-10,\n",
      "          1.4876e-10, -1.6441e-09],\n",
      "        [ 6.2167e-13,  2.6923e-11,  4.2700e-12, -4.6946e-10,  3.3603e-05,\n",
      "          5.5376e-14, -3.3499e-12],\n",
      "        [ 1.4500e-13, -1.2558e-09,  5.7533e-13,  1.4876e-10,  5.5376e-14,\n",
      "          6.0345e-04,  6.3096e-11],\n",
      "        [ 1.6652e-12,  1.9615e-09,  1.2067e-11, -1.6441e-09, -3.3499e-12,\n",
      "          6.3096e-11,  1.1186e-03]], grad_fn=<MmBackward0>)\n",
      "error 31165.04\n",
      " U, D, tensor([[ 3.7742e-03, -2.1889e-03],\n",
      "        [-2.8184e-05,  4.2238e-05],\n",
      "        [-1.3652e-02, -8.3285e-04],\n",
      "        [-8.4489e-05,  2.9057e-03],\n",
      "        [ 5.0410e-03,  1.9889e-03],\n",
      "        [-5.3845e-04,  2.4999e-02],\n",
      "        [-1.6010e-03, -3.5814e-04]], grad_fn=<MmBackward0>) tensor([[1.3970e+03, 0.0000e+00, 0.0000e+00, 0.0000e+00, 0.0000e+00, 0.0000e+00,\n",
      "         0.0000e+00],\n",
      "        [0.0000e+00, 1.7264e-01, 0.0000e+00, 0.0000e+00, 0.0000e+00, 0.0000e+00,\n",
      "         0.0000e+00],\n",
      "        [0.0000e+00, 0.0000e+00, 1.0722e+03, 0.0000e+00, 0.0000e+00, 0.0000e+00,\n",
      "         0.0000e+00],\n",
      "        [0.0000e+00, 0.0000e+00, 0.0000e+00, 1.4367e-01, 0.0000e+00, 0.0000e+00,\n",
      "         0.0000e+00],\n",
      "        [0.0000e+00, 0.0000e+00, 0.0000e+00, 0.0000e+00, 2.9764e+03, 0.0000e+00,\n",
      "         0.0000e+00],\n",
      "        [0.0000e+00, 0.0000e+00, 0.0000e+00, 0.0000e+00, 0.0000e+00, 1.6581e+02,\n",
      "         0.0000e+00],\n",
      "        [0.0000e+00, 0.0000e+00, 0.0000e+00, 0.0000e+00, 0.0000e+00, 0.0000e+00,\n",
      "         1.0350e+02]], grad_fn=<DiagEmbedBackward0>)\n",
      "d-1/2 tensor([[0.0268, 0.0000, 0.0000, 0.0000, 0.0000, 0.0000, 0.0000],\n",
      "        [0.0000, 2.4068, 0.0000, 0.0000, 0.0000, 0.0000, 0.0000],\n",
      "        [0.0000, 0.0000, 0.0305, 0.0000, 0.0000, 0.0000, 0.0000],\n",
      "        [0.0000, 0.0000, 0.0000, 2.6383, 0.0000, 0.0000, 0.0000],\n",
      "        [0.0000, 0.0000, 0.0000, 0.0000, 0.0183, 0.0000, 0.0000],\n",
      "        [0.0000, 0.0000, 0.0000, 0.0000, 0.0000, 0.0777, 0.0000],\n",
      "        [0.0000, 0.0000, 0.0000, 0.0000, 0.0000, 0.0000, 0.0983]],\n",
      "       grad_fn=<PowBackward0>)\n",
      "v tensor([[ 1.0098e-04, -5.8562e-05],\n",
      "        [-6.7832e-05,  1.0166e-04],\n",
      "        [-4.1691e-04, -2.5434e-05],\n",
      "        [-2.2291e-04,  7.6659e-03],\n",
      "        [ 9.2400e-05,  3.6456e-05],\n",
      "        [-4.1816e-05,  1.9414e-03],\n",
      "        [-1.5737e-04, -3.5203e-05]], grad_fn=<MmBackward0>)\n",
      "sig tensor([[ 7.1582e-04,  8.2438e-10,  3.3180e-11,  3.3275e-08, -3.5287e-12,\n",
      "          2.4499e-10,  3.6370e-11],\n",
      "        [ 8.2438e-10,  5.7925e+00, -1.8885e-09, -5.0440e-06,  1.1302e-10,\n",
      "         -3.7416e-08, -1.6788e-09],\n",
      "        [ 3.3180e-11, -1.8885e-09,  9.3264e-04,  8.2214e-09,  2.2083e-11,\n",
      "          7.5761e-11, -1.9964e-10],\n",
      "        [ 3.3275e-08, -5.0440e-06,  8.2214e-09,  6.9601e+00, -1.2518e-08,\n",
      "         -3.0511e-06,  6.0884e-08],\n",
      "        [-3.5287e-12,  1.1302e-10,  2.2083e-11, -1.2518e-08,  3.3598e-04,\n",
      "         -9.5244e-11,  2.8511e-11],\n",
      "        [ 2.4499e-10, -3.7416e-08,  7.5761e-11, -3.0511e-06, -9.5244e-11,\n",
      "          6.0311e-03,  4.7146e-10],\n",
      "        [ 3.6370e-11, -1.6788e-09, -1.9964e-10,  6.0884e-08,  2.8511e-11,\n",
      "          4.7146e-10,  9.6621e-03]], grad_fn=<MmBackward0>)\n",
      "error 42762.266\n",
      " U, D, tensor([[ 2.3306e-03,  1.1938e-03],\n",
      "        [-8.0605e-04,  1.2382e-05],\n",
      "        [-3.0557e-05, -4.2542e-03],\n",
      "        [-6.2740e-04,  2.5048e-05],\n",
      "        [-1.4601e-03,  1.9624e-03],\n",
      "        [ 7.8996e-05,  2.8288e-06],\n",
      "        [ 3.3919e-05, -6.3666e-04]], grad_fn=<MmBackward0>) tensor([[1.5705e+02, 0.0000e+00, 0.0000e+00, 0.0000e+00, 0.0000e+00, 0.0000e+00,\n",
      "         0.0000e+00],\n",
      "        [0.0000e+00, 6.9228e+00, 0.0000e+00, 0.0000e+00, 0.0000e+00, 0.0000e+00,\n",
      "         0.0000e+00],\n",
      "        [0.0000e+00, 0.0000e+00, 1.0808e+02, 0.0000e+00, 0.0000e+00, 0.0000e+00,\n",
      "         0.0000e+00],\n",
      "        [0.0000e+00, 0.0000e+00, 0.0000e+00, 4.0732e-01, 0.0000e+00, 0.0000e+00,\n",
      "         0.0000e+00],\n",
      "        [0.0000e+00, 0.0000e+00, 0.0000e+00, 0.0000e+00, 3.0740e+02, 0.0000e+00,\n",
      "         0.0000e+00],\n",
      "        [0.0000e+00, 0.0000e+00, 0.0000e+00, 0.0000e+00, 0.0000e+00, 4.2816e+04,\n",
      "         0.0000e+00],\n",
      "        [0.0000e+00, 0.0000e+00, 0.0000e+00, 0.0000e+00, 0.0000e+00, 0.0000e+00,\n",
      "         8.6318e+01]], grad_fn=<DiagEmbedBackward0>)\n",
      "d-1/2 tensor([[0.0798, 0.0000, 0.0000, 0.0000, 0.0000, 0.0000, 0.0000],\n",
      "        [0.0000, 0.3801, 0.0000, 0.0000, 0.0000, 0.0000, 0.0000],\n",
      "        [0.0000, 0.0000, 0.0962, 0.0000, 0.0000, 0.0000, 0.0000],\n",
      "        [0.0000, 0.0000, 0.0000, 1.5669, 0.0000, 0.0000, 0.0000],\n",
      "        [0.0000, 0.0000, 0.0000, 0.0000, 0.0570, 0.0000, 0.0000],\n",
      "        [0.0000, 0.0000, 0.0000, 0.0000, 0.0000, 0.0048, 0.0000],\n",
      "        [0.0000, 0.0000, 0.0000, 0.0000, 0.0000, 0.0000, 0.1076]],\n",
      "       grad_fn=<PowBackward0>)\n",
      "v tensor([[ 1.8597e-04,  9.5263e-05],\n",
      "        [-3.0635e-04,  4.7058e-06],\n",
      "        [-2.9392e-06, -4.0921e-04],\n",
      "        [-9.8305e-04,  3.9248e-05],\n",
      "        [-8.3276e-05,  1.1193e-04],\n",
      "        [ 3.8177e-07,  1.3671e-08],\n",
      "        [ 3.6509e-06, -6.8526e-05]], grad_fn=<MmBackward0>)\n",
      "sig tensor([[ 6.3673e-03,  1.7142e-09,  3.0340e-10,  2.2390e-08,  2.1955e-11,\n",
      "         -2.7881e-14,  5.0235e-11],\n",
      "        [ 1.7142e-09,  1.4445e-01,  3.7480e-11, -1.7946e-07, -5.6444e-10,\n",
      "          2.1471e-13,  5.8945e-11],\n",
      "        [ 3.0340e-10,  3.7480e-11,  9.2524e-03,  1.9851e-09,  2.4993e-10,\n",
      "          3.1223e-15, -2.9021e-10],\n",
      "        [ 2.2390e-08, -1.7946e-07,  1.9851e-09,  2.4551e+00, -7.7085e-09,\n",
      "          2.8379e-12,  1.0589e-09],\n",
      "        [ 2.1955e-11, -5.6444e-10,  2.4993e-10, -7.7085e-09,  3.2531e-03,\n",
      "          8.3415e-15,  4.8952e-11],\n",
      "        [-2.7881e-14,  2.1471e-13,  3.1223e-15,  2.8379e-12,  8.3415e-15,\n",
      "          2.3356e-05, -2.3770e-16],\n",
      "        [ 5.0235e-11,  5.8945e-11, -2.9021e-10,  1.0589e-09,  4.8952e-11,\n",
      "         -2.3770e-16,  1.1585e-02]], grad_fn=<MmBackward0>)\n",
      "error 38535.02\n",
      " U, D, tensor([[-3.0138e-04, -1.3890e-03],\n",
      "        [ 7.7690e-06, -1.2556e-05],\n",
      "        [ 1.6490e-03, -5.2531e-04],\n",
      "        [ 3.9216e-06, -1.2553e-05],\n",
      "        [-3.2315e-04, -1.4937e-03],\n",
      "        [ 7.7480e-05, -3.6238e-05],\n",
      "        [ 2.4087e-04, -1.2601e-04]], grad_fn=<MmBackward0>) tensor([[7.2382e+01, 0.0000e+00, 0.0000e+00, 0.0000e+00, 0.0000e+00, 0.0000e+00,\n",
      "         0.0000e+00],\n",
      "        [0.0000e+00, 7.8230e-01, 0.0000e+00, 0.0000e+00, 0.0000e+00, 0.0000e+00,\n",
      "         0.0000e+00],\n",
      "        [0.0000e+00, 0.0000e+00, 1.3442e+01, 0.0000e+00, 0.0000e+00, 0.0000e+00,\n",
      "         0.0000e+00],\n",
      "        [0.0000e+00, 0.0000e+00, 0.0000e+00, 1.3073e-01, 0.0000e+00, 0.0000e+00,\n",
      "         0.0000e+00],\n",
      "        [0.0000e+00, 0.0000e+00, 0.0000e+00, 0.0000e+00, 7.5513e+01, 0.0000e+00,\n",
      "         0.0000e+00],\n",
      "        [0.0000e+00, 0.0000e+00, 0.0000e+00, 0.0000e+00, 0.0000e+00, 4.2817e+03,\n",
      "         0.0000e+00],\n",
      "        [0.0000e+00, 0.0000e+00, 0.0000e+00, 0.0000e+00, 0.0000e+00, 0.0000e+00,\n",
      "         1.1906e+02]], grad_fn=<DiagEmbedBackward0>)\n",
      "d-1/2 tensor([[0.1175, 0.0000, 0.0000, 0.0000, 0.0000, 0.0000, 0.0000],\n",
      "        [0.0000, 1.1306, 0.0000, 0.0000, 0.0000, 0.0000, 0.0000],\n",
      "        [0.0000, 0.0000, 0.2728, 0.0000, 0.0000, 0.0000, 0.0000],\n",
      "        [0.0000, 0.0000, 0.0000, 2.7657, 0.0000, 0.0000, 0.0000],\n",
      "        [0.0000, 0.0000, 0.0000, 0.0000, 0.1151, 0.0000, 0.0000],\n",
      "        [0.0000, 0.0000, 0.0000, 0.0000, 0.0000, 0.0153, 0.0000],\n",
      "        [0.0000, 0.0000, 0.0000, 0.0000, 0.0000, 0.0000, 0.0916]],\n",
      "       grad_fn=<PowBackward0>)\n",
      "v tensor([[-3.5424e-05, -1.6326e-04],\n",
      "        [ 8.7837e-06, -1.4196e-05],\n",
      "        [ 4.4978e-04, -1.4328e-04],\n",
      "        [ 1.0846e-05, -3.4719e-05],\n",
      "        [-3.7187e-05, -1.7190e-04],\n",
      "        [ 1.1841e-06, -5.5380e-07],\n",
      "        [ 2.2074e-05, -1.1548e-05]], grad_fn=<MmBackward0>)\n",
      "sig tensor([[ 1.3816e-02, -2.6665e-10, -2.3913e-10, -1.7177e-09, -3.9741e-10,\n",
      "         -8.7065e-14, -1.1885e-11],\n",
      "        [-2.6665e-10,  1.2783e+00, -1.8455e-09, -1.8391e-09, -2.7500e-10,\n",
      "         -3.1555e-13, -3.7077e-11],\n",
      "        [-2.3913e-10, -1.8455e-09,  7.4393e-02, -7.4325e-09, -2.4806e-10,\n",
      "         -2.5507e-12, -2.8953e-10],\n",
      "        [-1.7177e-09, -1.8391e-09, -7.4325e-09,  7.6492e+00, -1.7711e-09,\n",
      "         -1.3555e-12, -1.6231e-10],\n",
      "        [-3.9741e-10, -2.7500e-10, -2.4806e-10, -1.7711e-09,  1.3243e-02,\n",
      "         -8.9980e-14, -1.2277e-11],\n",
      "        [-8.7065e-14, -3.1555e-13, -2.5507e-12, -1.3555e-12, -8.9980e-14,\n",
      "          2.3355e-04, -4.5565e-14],\n",
      "        [-1.1885e-11, -3.7077e-11, -2.8953e-10, -1.6231e-10, -1.2277e-11,\n",
      "         -4.5565e-14,  8.3989e-03]], grad_fn=<MmBackward0>)\n",
      "error 3855.5789\n",
      " U, D, tensor([[ 3.7882e-05, -2.8380e-04],\n",
      "        [ 1.7774e-05, -8.2060e-05],\n",
      "        [ 5.4677e-04,  4.2899e-05],\n",
      "        [ 9.6277e-07, -1.9523e-05],\n",
      "        [ 1.6648e-05, -8.4966e-04],\n",
      "        [ 2.3267e-07, -2.9853e-05],\n",
      "        [ 1.7050e-05,  1.7197e-04]], grad_fn=<MmBackward0>) tensor([[7.3764e+00, 0.0000e+00, 0.0000e+00, 0.0000e+00, 0.0000e+00, 0.0000e+00,\n",
      "         0.0000e+00],\n",
      "        [0.0000e+00, 1.8955e-01, 0.0000e+00, 0.0000e+00, 0.0000e+00, 0.0000e+00,\n",
      "         0.0000e+00],\n",
      "        [0.0000e+00, 0.0000e+00, 1.4556e+00, 0.0000e+00, 0.0000e+00, 0.0000e+00,\n",
      "         0.0000e+00],\n",
      "        [0.0000e+00, 0.0000e+00, 0.0000e+00, 1.1255e-01, 0.0000e+00, 0.0000e+00,\n",
      "         0.0000e+00],\n",
      "        [0.0000e+00, 0.0000e+00, 0.0000e+00, 0.0000e+00, 8.4291e+00, 0.0000e+00,\n",
      "         0.0000e+00],\n",
      "        [0.0000e+00, 0.0000e+00, 0.0000e+00, 0.0000e+00, 0.0000e+00, 4.2830e+02,\n",
      "         0.0000e+00],\n",
      "        [0.0000e+00, 0.0000e+00, 0.0000e+00, 0.0000e+00, 0.0000e+00, 0.0000e+00,\n",
      "         2.9250e+01]], grad_fn=<DiagEmbedBackward0>)\n",
      "d-1/2 tensor([[0.3682, 0.0000, 0.0000, 0.0000, 0.0000, 0.0000, 0.0000],\n",
      "        [0.0000, 2.2969, 0.0000, 0.0000, 0.0000, 0.0000, 0.0000],\n",
      "        [0.0000, 0.0000, 0.8289, 0.0000, 0.0000, 0.0000, 0.0000],\n",
      "        [0.0000, 0.0000, 0.0000, 2.9807, 0.0000, 0.0000, 0.0000],\n",
      "        [0.0000, 0.0000, 0.0000, 0.0000, 0.3444, 0.0000, 0.0000],\n",
      "        [0.0000, 0.0000, 0.0000, 0.0000, 0.0000, 0.0483, 0.0000],\n",
      "        [0.0000, 0.0000, 0.0000, 0.0000, 0.0000, 0.0000, 0.1849]],\n",
      "       grad_fn=<PowBackward0>)\n",
      "v tensor([[ 1.3948e-05, -1.0449e-04],\n",
      "        [ 4.0825e-05, -1.8848e-04],\n",
      "        [ 4.5319e-04,  3.5557e-05],\n",
      "        [ 2.8698e-06, -5.8193e-05],\n",
      "        [ 5.7341e-06, -2.9265e-04],\n",
      "        [ 1.1243e-08, -1.4425e-06],\n",
      "        [ 3.1525e-06,  3.1797e-05]], grad_fn=<MmBackward0>)\n",
      "sig tensor([[ 1.3557e-01, -1.7138e-08, -7.9519e-10, -6.7176e-09, -3.8884e-09,\n",
      "         -2.6845e-12,  2.2320e-10],\n",
      "        [-1.7138e-08,  5.2756e+00, -2.2464e-08, -7.5895e-08, -4.3823e-08,\n",
      "         -3.0225e-11,  2.4905e-09],\n",
