{
 "cells": [
  {
   "cell_type": "markdown",
   "metadata": {},
   "source": [
    "## This is my attempt at implementing the SLANG algorithm"
   ]
  },
  {
   "cell_type": "markdown",
   "metadata": {},
   "source": [
    "importing"
   ]
  },
  {
   "cell_type": "code",
   "execution_count": 664,
   "metadata": {},
   "outputs": [],
   "source": [
    "%matplotlib inline\n",
    "\n",
    "import numpy as np\n",
    "import math\n",
    "import matplotlib\n",
    "import matplotlib.pyplot as plt\n",
    "\n",
    "import torch\n",
    "import torch.linalg as alg\n",
    "import torch.nn as nn\n",
    "import torch.nn.functional as F\n",
    "import torch.distributions as dist\n",
    "from torch.utils.data import Dataset, DataLoader\n",
    "\n",
    "from sklearn.model_selection import train_test_split\n",
    "#from tqdm import tqdm\n",
    "\n",
    "EPS = 1e-5  # define a small constant for numerical stability control"
   ]
  },
  {
   "cell_type": "markdown",
   "metadata": {},
   "source": [
    "### Class defined"
   ]
  },
  {
   "cell_type": "code",
   "execution_count": 958,
   "metadata": {},
   "outputs": [],
   "source": [
    "class SLANG_GaussianNetwork(nn.Module):\n",
    "    def __init__(self, layer_sizes, inital_prior_std = 0.1, inital_prior_mean = 0.0, alpha = 0.1, beta = 0.9,\n",
    "                 sqrt_width_scaling=False, device=None, dtype=None, minibatch_size = 1, error = 1e-12, rank_approx = 4, noise = 1, decay = 0.51, decay_start = 100):\n",
    "        \n",
    "        factory_kwargs = {'device': device, 'dtype': dtype}\n",
    "        super(SLANG_GaussianNetwork, self).__init__()\n",
    "        \n",
    "        # Store network dimensions and other parameters\n",
    "        self.layer_sizes = layer_sizes  # dimension of network layer input \n",
    "        self.dim_in = layer_sizes[0] \n",
    "        self.dim_out = layer_sizes[-1]\n",
    "\n",
    "        self.num_params = sum(dim_in * dim_out + dim_out for dim_in, dim_out in zip(layer_sizes[:-1], layer_sizes[1:])) # number of parameters\n",
    "        \n",
    "        self.decay = decay\n",
    "        self.decay_start = decay_start\n",
    "        self.alpha = alpha\n",
    "        self.beta = beta\n",
    "        self.minibatch_size = minibatch_size \n",
    "        self.error = error\n",
    "        self.rank_approx = rank_approx\n",
    "        self.noise = noise\n",
    "        self.prior_std = inital_prior_std\n",
    "        # prior parameters are registered as buffers so they can be alteared  \n",
    "        self.register_buffer('prior_means', torch.ones(self.num_params, **factory_kwargs)*inital_prior_mean)\n",
    "\n",
    "        # prior covariance matrix\n",
    "        prior_cov = torch.diag(torch.ones(self.num_params, **factory_kwargs)*inital_prior_std)\n",
    "        # prior variance scales as 1/dim_in\n",
    "        if sqrt_width_scaling:  \n",
    "            prior_cov /= self.dim_in ** 0.5\n",
    "        \n",
    "        self.means = torch.ones(self.num_params, requires_grad=True)*inital_prior_mean\n",
    "        #self.cov = torch.diag(torch.ones(self.num_params, requires_grad=True, dtype=torch.float64)*inital_prior_std)*1.0\n",
    "        self.presision = torch.eye(self.num_params, dtype=torch.float64)*1/inital_prior_std\n",
    "        \n",
    "\n",
    "    \n",
    "    def ___dia_inv___(self, D, is_float = True):\n",
    "        '''the inveres of a 2D diagonal matrix'''\n",
    "        if is_float:\n",
    "            d = torch.zeros((self.num_params, self.num_params))\n",
    "        else:\n",
    "            d = torch.zeros((self.num_params, self.num_params), dtype=torch.cfloat)\n",
    "        \n",
    "        for i in range(self.num_params):\n",
    "            d[i,i] = torch.inverse(D[i:i+1,i:i+1])\n",
    "        return d\n",
    "\n",
    "\n",
    "    def ___fast_inverse___(self, g, U, D, L):\n",
    "        D_inv = self.___dia_inv___(D) # D^{-1}\n",
    "        I_L = torch.eye(L) # I size L\n",
    "        U = U.to(D_inv.dtype) # quick fix\n",
    "        U_Td_invU = torch.t(U) @ D_inv @ U # U^T.D^{-1}.U\n",
    "        A = alg.inv(I_L + U_Td_invU) # A = (I_L + U^T.D^{-1}.U)^{-1}\n",
    "\n",
    "        UAU_T = U @ A @ torch.t(U) # U.A.U^T\n",
    "        D_inv_g = D_inv @ g # D^{-1}.g\n",
    "        y = D_inv_g - D_inv @ UAU_T @ D_inv_g  # D^{-1}.g - D^{-1}.U^T.A.U.D^{-1}.g\n",
    "\n",
    "        return y\n",
    "\n",
    "    \n",
    "    def ___sample___(self,mean, U, D):\n",
    "        eps = torch.normal(0,1,size = (self.num_params, 1))\n",
    "        pse = 1e-6 * torch.eye(self.num_params)\n",
    "        return mean + torch.squeeze(alg.cholesky(torch.inverse(D + U @ torch.t(U)) + pse) @ eps)\n",
    "\n",
    "    def ___diamul___(self, D, vec):\n",
    "        d = torch.zeros((self.num_params, self.num_params), dtype=torch.cfloat)\n",
    "        for i in range(self.num_params):\n",
    "            d[i,i] = D[i,i]*vec[i]\n",
    "        return d\n",
    "\n",
    "    \n",
    "\n",
    "\n",
    "    def ___fast_sample___(self, mean, U, D, L):\n",
    "        '''since covarance matrix approx is equal to (D + UU^T)^{-1} the squar root of (D + UU^T)^{-1} gives us what we need for the \n",
    "        reparametivation trick we obtain this by using Woodbury matrix identity'''\n",
    "        eps = torch.normal(0,1,size = (self.num_params, 1))\n",
    "\n",
    "        D_inv_root = self.___dia_inv___(D.to(torch.cfloat)**(1/2), is_float = False) # D^(-1/2)\n",
    "        \n",
    "        V = D_inv_root @ (U.to(torch.cfloat)) # V = D^(-1/2) U\n",
    "        \n",
    "        # Woodbury matrix identity\n",
    "        invert = torch.inverse(torch.eye(L) + torch.t(V) @ V)\n",
    "        IL_VVT = torch.eye(self.num_params) - V @ invert @ torch.t(V) \n",
    "        \n",
    "        #L, Q = alg.eig(IL_VVT)\n",
    "        #Sig_root = self.___diamul___(D_inv_root, L) @ torch.t(Q)\n",
    "        Sig_root = D_inv_root @ alg.cholesky(IL_VVT)     # symmertic parametisation is a real matrix\n",
    "        Sig_root_eps = torch.real(Sig_root) @ eps \n",
    "        #print('theta', mean + torch.squeeze(Sig_root_eps) )\n",
    "        return mean + torch.squeeze(Sig_root_eps) \n",
    "\n",
    "    def ___minibatch___(self, M, N, data):\n",
    "        if M == N:\n",
    "            return data\n",
    "        p = torch.ones(N)/N\n",
    "        index = p.multinomial(num_samples=M)\n",
    "        return data[index]\n",
    "\n",
    "    def ___diag___(self, U):\n",
    "        diag = []\n",
    "        for i in range(self.num_params):\n",
    "            diag.append(torch.t(U[i,:]) @ U[i,:])\n",
    "        return torch.tensor(diag)\n",
    "\n",
    "    def ___conditional___(self, D, U, D_p, U_p):\n",
    "        current_approx = D + U @ torch.t(U)\n",
    "        pevious_approx = D_p + U_p @ torch.t(U_p)\n",
    "        \n",
    "        return alg.matrix_norm(current_approx - pevious_approx) < self.error\n",
    "\n",
    "    def SLANG(self, data, stop = 2):\n",
    "        # Initializing\n",
    "        L = self.rank_approx\n",
    "        mean = self.means\n",
    "        u = np.zeros((self.num_params, L))\n",
    "        for i in range(L):\n",
    "            u[i][L-i-1] = 1/self.prior_std\n",
    "        U = torch.tensor(u, requires_grad=True, dtype=float)\n",
    "        D = self.presision\n",
    "\n",
    "        # previous U and D\n",
    "        U_p = torch.zeros((self.num_params, L), requires_grad=True) \n",
    "        D_p = torch.zeros((self.num_params, self.num_params), requires_grad=True)\n",
    "\n",
    "        lamb = 1/self.prior_std * torch.ones(self.num_params)\n",
    "        alpha = self.alpha\n",
    "        beta = self.beta\n",
    "        M = self.minibatch_size\n",
    "        N = data.shape[0]\n",
    "        counter = 0 \n",
    "        iter = 0\n",
    "        while counter < stop:\n",
    "            \n",
    "            if self.___conditional___(D, U, D_p, U_p):\n",
    "                counter += 1 \n",
    "            else:\n",
    "                counter = 0\n",
    "            \n",
    "            # generatind a sample from  θ_t ∼ N (θ|µ_t, (U_tU_t^T + D_t)^-1).\n",
    "            theta = self.___fast_sample___(mean, U, D, L)    # self.___sample___(mean, U, D)\n",
    "\n",
    "            # sample a minibatch\n",
    "            data_M = self.___minibatch___(M,N, data)\n",
    "\n",
    "            # backprop\n",
    "            g = self.___backprop_goodfellow___(M, data_M, theta) #, D + U @ torch.t(U), mean_p, D_p + U_p @ torch.t(U_p))\n",
    "\n",
    "            # getting the the matrix Q_{1:L}\\Lamda_{1:L}^{1/2}\n",
    "            G_hat = N/M*sum([g[:,i:i+1] @ torch.t(g[:,i:i+1]) for i in range(M)])\n",
    "            A = (1 - beta)*(U @ torch.t(U)) + beta*G_hat # are approximation is herman \n",
    "            V = self.___fast_eig___(A, L) \n",
    "\n",
    "            grad_d = (1 - beta) * (U**2).sum(dim=1) + beta * (g**2).sum(dim=1) - (V**2).sum(dim=1)\n",
    "\n",
    "            # updating U and D\n",
    "            U_p = U \n",
    "            D_p = D\n",
    "            \n",
    "            U = V\n",
    "            D = torch.diag((1 - beta)*torch.diagonal(D) + grad_d + beta*lamb)\n",
    "            #torch.diag(self.___diag___(U) + beta*torch.diagonal(G_hat) + (1 - beta)*torch.diagonal(D) + beta*lamb - self.___diag___(V))\n",
    "            \n",
    "            #\n",
    "\n",
    "            # caculating \n",
    "            mu_lamb = torch.zeros(self.num_params)\n",
    "            for i in range(self.num_params):\n",
    "                mu_lamb += lamb[i]*mean[i]\n",
    "            g_hat = sum([g[:,i] for i in range(M)]) + mu_lamb\n",
    "            grad_mean = self.___fast_inverse___(g_hat, U, D, L)\n",
    "            mean = mean - alpha*grad_mean\n",
    "\n",
    "            if iter >= self.decay_start:\n",
    "                alpha = alpha*self.decay\n",
    "                beta = beta*self.decay\n",
    "            else:\n",
    "                iter += 1\n",
    "            \n",
    "            current_approx = D + U @ torch.t(U)\n",
    "            pevious_approx = D_p + U_p @ torch.t(U_p)\n",
    "            print('error', alg.matrix_norm(current_approx - pevious_approx).detach().numpy())\n",
    "            #print('mean, cov',mean,torch.inverse(D + U @ torch.t(U)))\n",
    "            #print('D, U',D, U)\n",
    "\n",
    "        cov = torch.inverse(D + U @ torch.t(U))\n",
    "        self.cov = cov\n",
    "        self.means = mean\n",
    "        return mean, cov\n",
    "\n",
    "    def get_network(self):\n",
    "        return (self.means, self.cov)\n",
    "\n",
    "    def ___Q_from_qr___(self, A):\n",
    "        Q, _ = alg.qr(A)\n",
    "        return Q\n",
    "\n",
    "    def ___nystrom___(self, U, Q, anorm):\n",
    "        \"\"\"\n",
    "        Use the Nystrom method to obtain approximations to the\n",
    "        eigenvalues and eigenvectors of A (shifting A on the subspace\n",
    "        spanned by the columns of Q in order to make the shifted A be\n",
    "        positive definite).\n",
    "        \"\"\"\n",
    "        \n",
    "        def ___svd_thin_matrix___(A):\n",
    "            \"\"\"\n",
    "            Efficient implementation of SVD on [N x D] matrix, D >> N.\n",
    "            \"\"\"\n",
    "            (e, V) = alg.eigh(A @ A.t())\n",
    "            \n",
    "            Sigma = torch.sqrt(e)\n",
    "            SigInv = 1/Sigma \n",
    "            SigInv[torch.isnan(SigInv)] = 0\n",
    "            U = A.t() @ (V * SigInv)\n",
    "            \n",
    "            return U, Sigma, V\n",
    "            \n",
    "        anorm = .1e-6 * anorm * math.sqrt(1. * self.num_params)\n",
    "        E = U @ Q + anorm * Q\n",
    "        R = Q.t() @ E\n",
    "        R = (R + R.t()) / 2\n",
    "        R = alg.cholesky(R, upper=False) # Cholesky\n",
    "        tmp = alg.solve(R, E.t()) # Solve\n",
    "        V, d, _ = ___svd_thin_matrix___(tmp)\n",
    "        d = d * d - anorm\n",
    "        return d, V\n",
    "\n",
    "    # Alot of this this copped \n",
    "    def ___fast_eig___(self, A, L, n_iter = 8): # ?\n",
    "        # From Finding Structure with Randomness: Probabilistic Algorithms for Constructing Approximate Matrix Decompositi page 35 see usefull reading\n",
    "        # and based on the Github https://github.com/aaronpmishkin/SLANG \n",
    "        K = L + 2\n",
    "        Q = 2*(torch.rand((self.num_params, K), device= A.device, dtype= A.dtype)-0.5)\n",
    "        for _ in range(max(0, n_iter-1)):\n",
    "            Q = self.___Q_from_qr___(A @ Q)\n",
    "        \n",
    "        oldQ = Q\n",
    "        \n",
    "        Q = A @ Q\n",
    "        anorm = torch.max(torch.norm(Q, dim=0)/torch.norm(oldQ, dim=0))\n",
    "        Q = self.___Q_from_qr___(Q)\n",
    "        \n",
    "        d, V = self.___nystrom___(A, Q, anorm)\n",
    "\n",
    "        # Retain only the entries with the k greatest absolute values\n",
    "        _, idx = torch.abs(d).sort()\n",
    "        idx = idx[:L]\n",
    "        #print(alg.matrix_rank(V[:, idx]), d[idx])\n",
    "        \n",
    "        ret = V[:, idx] @ torch.diag(abs(d[idx])**0.5)\n",
    "        return ret.to(A.dtype)\n",
    "\n",
    "    \n",
    "    def forward(self, input, sampled_params):\n",
    "        # Forward pass using the sampled parameters\n",
    "        start = 0\n",
    "        for i, (dim_in, dim_out) in enumerate(zip(self.layer_sizes[:-1], self.layer_sizes[1:])):\n",
    "            end = start + dim_out * dim_in\n",
    "            weight = sampled_params[start:end].view(dim_out, dim_in)\n",
    "            start = end\n",
    "            end = start + dim_out\n",
    "            bias = sampled_params[start:end]\n",
    "            start = end\n",
    "            input = F.linear(input, weight, bias)\n",
    "            if i < len(self.layer_sizes) - 2:\n",
    "                input = F.relu(input)\n",
    "        return input  \n",
    "    \n",
    "    def ___backprop_goodfellow___(self, M, data_M, theta):#, cov, mean_p, cov_p):\n",
    "        theta.retain_grad()\n",
    "        g = torch.zeros((self.num_params, M))\n",
    "        for i in range(M):\n",
    "            # forward pass\n",
    "            pred = self.forward(data_M[i, :1], theta)\n",
    "            # backward pass with the log likelihood i.e. logp(Di|θt)\n",
    "            pred.backward(-1/(self.noise**2) * (data_M[i, 1:] - pred), retain_graph=True)\n",
    "            g[:,i] += theta.grad\n",
    "            theta.grad.zero_() # zero the gradients for the next sample\n",
    "            \n",
    "        return g\n",
    "    \n"
   ]
  },
  {
   "cell_type": "markdown",
   "metadata": {},
   "source": [
    "### Testing"
   ]
  },
  {
   "cell_type": "code",
   "execution_count": 965,
   "metadata": {},
   "outputs": [
    {
     "name": "stdout",
     "output_type": "stream",
     "text": [
      "error 215264.65159237952\n",
      "error 193738.11840764174\n",
      "error 19364.703901416702\n",
      "error 364160.64180946775\n",
      "error 327745.5530254425\n",
      "error 32807.413361163206\n",
      "error 3471.8619633534345\n",
      "error 4592.504190691446\n",
      "error 1105.517112224214\n",
      "error 168268.8116397748\n",
      "error 1258594.287133046\n",
      "error 136372.5682721308\n",
      "error 1248964.9735107704\n",
      "error 1059314.2380526522\n",
      "error 60944.03316983877\n",
      "error 82273.52466895337\n",
      "error 26787.29801445768\n",
      "error 69736.37692794656\n",
      "error 30450.772451826015\n",
      "error 55891.65604459717\n",
      "error 24082.206513428573\n",
      "error 26192.80536681537\n",
      "error 41344.031530761065\n",
      "error 44186.86349728319\n",
      "error 37720.87305568036\n",
      "error 914098.5004299807\n",
      "error 95073.39317408821\n",
      "error 775780.7255616538\n",
      "error 71615.28774134762\n",
      "error 18269.88753376823\n",
      "error 13737.955781768473\n",
      "error 26769.46313858828\n",
      "error 730261.423384349\n",
      "error 633820.125611783\n",
      "error 427373.7884050816\n",
      "error 435117.53242645634\n",
      "error 656371.7013659996\n",
      "error 596715.500959228\n",
      "error 47563.20276266353\n",
      "error 11539.644406389816\n",
      "error 35337.408549984844\n",
      "error 6951.578431893754\n",
      "error 67591.46951488437\n",
      "error 74926.01913672741\n",
      "error 9665.236149604621\n",
      "error 17438.327694815587\n",
      "error 8677.631610055645\n",
      "error 1242.889285113828\n",
      "error 678.179473766619\n",
      "error 334.3817029585338\n",
      "error 161.59240203149645\n",
      "error 81.79153436630237\n",
      "error 149.66861045378067\n",
      "error 22.74376681872196\n",
      "error 11.116493114795821\n",
      "error 5.722121118117852\n",
      "error 10.121463791831301\n",
      "error 1.5213713145567762\n",
      "error 2.611772168317395\n",
      "error 1.332339734471962\n",
      "error 0.6857021199223913\n",
      "error 0.09949901205545626\n",
      "error 0.057758802193078454\n",
      "error 0.026816927612407032\n",
      "error 0.046747166055501346\n",
      "error 0.023833873952014355\n",
      "error 0.0032385211271665263\n",
      "error 0.001667266064884759\n",
      "error 0.0009357347193342718\n",
      "error 0.00048790647276680934\n",
      "error 0.00022204417364110555\n",
      "error 0.00012278103406118603\n",
      "error 0.00021410064608286361\n",
      "error 3.346892492239711e-05\n",
      "error 1.7051315030801853e-05\n",
      "error 8.170817183721817e-06\n",
      "error 4.0484128929735905e-06\n",
      "error 2.0249766046207883e-06\n",
      "error 1.2119174960598979e-06\n",
      "error 5.186936517593644e-07\n",
      "error 2.8914051320747433e-07\n",
      "error 1.3763324159222783e-07\n",
      "error 7.494941670380793e-08\n",
      "error 3.713278356641422e-08\n",
      "error 6.656500951224147e-08\n",
      "mean tensor([ 0.5319, -1.7379,  3.3049,  0.0737,  0.8307,  2.2712, -6.5202,  1.5489,\n",
      "        -2.1282,  2.1785, -1.1203, -0.8504,  3.1337, -0.1395, -0.0487, -0.3399],\n",
      "       grad_fn=<SubBackward0>)\n",
      "cov tensor([[ 2.3654e-05,  1.3953e-22,  4.8721e-22,  1.0083e-18, -7.4948e-20,\n",
      "         -2.3929e-20,  7.7250e-22, -1.5536e-22,  4.9960e-18,  3.5355e-18,\n",
      "          3.2708e-21, -1.0918e-22, -3.1759e-22, -9.6066e-20, -5.5963e-21,\n",
      "          5.3315e-21],\n",
      "        [ 1.3953e-22,  1.5250e-04, -5.4884e-23, -6.0975e-21,  7.9856e-21,\n",
      "         -3.8942e-21, -4.6889e-22,  1.3058e-21, -3.0213e-20, -1.6984e-19,\n",
      "          4.0633e-22,  7.2297e-23, -1.9073e-23,  1.0738e-21,  9.2167e-23,\n",
      "          4.0701e-21],\n",
      "        [ 4.8721e-22, -5.4884e-23,  2.9624e-06, -7.9836e-20,  9.5251e-21,\n",
      "         -3.0543e-23, -2.8246e-22,  6.3434e-22, -3.9559e-19, -3.5071e-19,\n",
      "         -5.5867e-23,  4.2794e-23,  1.5140e-23,  7.8416e-21,  4.7093e-22,\n",
      "          1.5334e-21],\n",
      "        [ 1.0083e-18, -6.0975e-21, -7.9836e-20,  7.7961e-03,  1.2381e-17,\n",
      "          5.3544e-18, -4.3531e-20, -2.5475e-19, -9.3450e-16, -6.2902e-16,\n",
      "         -7.0447e-19,  4.8420e-21,  6.3971e-20,  1.7862e-17,  1.0341e-18,\n",
      "         -1.8895e-18],\n",
      "        [-7.4948e-20,  7.9856e-21,  9.5251e-21,  1.2381e-17,  1.7041e-02,\n",
      "         -1.8348e-20,  4.1149e-20, -9.0912e-20,  6.1347e-17,  5.3539e-17,\n",
      "          1.1099e-20, -6.2269e-21, -2.4679e-21, -1.2132e-18, -7.2697e-20,\n",
      "         -2.1434e-19],\n",
      "        [-2.3929e-20, -3.8942e-21, -3.0543e-23,  5.3544e-18, -1.8348e-20,\n",
      "          4.5011e-04, -1.9296e-20,  6.4948e-20,  2.6532e-17,  1.1292e-17,\n",
      "          3.8848e-20,  3.0310e-21, -2.7448e-21, -4.8532e-19, -2.6780e-20,\n",
      "          2.3509e-19],\n",
      "        [ 7.7250e-22, -4.6889e-22, -2.8246e-22, -4.3531e-20,  4.1149e-20,\n",
      "         -1.9296e-20,  3.8877e-03,  6.5748e-21, -2.1570e-19, -8.9987e-19,\n",
      "          2.0036e-21,  3.6529e-22, -9.1959e-23,  6.6284e-21,  5.3518e-22,\n",
      "          2.0418e-20],\n",
      "        [-1.5536e-22,  1.3058e-21,  6.3434e-22, -2.5475e-19, -9.0912e-20,\n",
      "          6.4948e-20,  6.5748e-21,  5.6419e-05, -1.2623e-18,  1.2717e-18,\n",
      "         -7.0406e-21, -1.0171e-21,  3.8641e-22,  1.7084e-20,  5.6343e-22,\n",
      "         -6.1173e-20],\n",
      "        [ 4.9960e-18, -3.0213e-20, -3.9559e-19, -9.3450e-16,  6.1347e-17,\n",
      "          2.6532e-17, -2.1570e-19, -1.2623e-18,  1.9509e-01, -3.1168e-15,\n",
      "         -3.4907e-18,  2.3992e-20,  3.1698e-19,  8.8507e-17,  5.1241e-18,\n",
      "         -9.3626e-18],\n",
      "        [ 3.5355e-18, -1.6984e-19, -3.5071e-19, -6.2902e-16,  5.3539e-17,\n",
      "          1.1292e-17, -8.9987e-19,  1.2717e-18, -3.1168e-15,  3.0573e-01,\n",
      "         -1.6569e-18,  1.3261e-19,  1.7923e-19,  6.0376e-17,  3.5439e-18,\n",
      "          3.6711e-19],\n",
      "        [ 3.2708e-21,  4.0633e-22, -5.5867e-23, -7.0447e-19,  1.1099e-20,\n",
      "          3.8848e-20,  2.0036e-21, -7.0406e-21, -3.4907e-18, -1.6569e-18,\n",
      "          2.7783e-05, -3.1619e-22,  3.3692e-22,  6.4421e-20,  3.5907e-21,\n",
      "         -2.6200e-20],\n",
      "        [-1.0918e-22,  7.2297e-23,  4.2794e-23,  4.8420e-21, -6.2269e-21,\n",
      "          3.0310e-21,  3.6529e-22, -1.0171e-21,  2.3992e-20,  1.3261e-19,\n",
      "         -3.1619e-22,  9.2584e-05,  1.4827e-23, -8.4524e-22, -7.2303e-23,\n",
      "         -3.1697e-21],\n",
      "        [-3.1759e-22, -1.9073e-23,  1.5140e-23,  6.3971e-20, -2.4679e-21,\n",
      "         -2.7448e-21, -9.1959e-23,  3.8641e-22,  3.1698e-19,  1.7923e-19,\n",
      "          3.3692e-22,  1.4827e-23,  2.1983e-06, -5.9454e-21, -3.3736e-22,\n",
      "          1.5840e-21],\n",
      "        [-9.6066e-20,  1.0738e-21,  7.8416e-21,  1.7862e-17, -1.2132e-18,\n",
      "         -4.8532e-19,  6.6284e-21,  1.7084e-20,  8.8507e-17,  6.0376e-17,\n",
      "          6.4421e-20, -8.4524e-22, -5.9454e-21,  3.4410e-03, -9.8256e-20,\n",
      "          1.5681e-19],\n",
      "        [-5.5963e-21,  9.2167e-23,  4.7093e-22,  1.0341e-18, -7.2697e-20,\n",
      "         -2.6780e-20,  5.3518e-22,  5.6343e-22,  5.1241e-18,  3.5439e-18,\n",
      "          3.5907e-21, -7.2303e-23, -3.3736e-22, -9.8256e-20,  3.0168e-05,\n",
      "          7.7404e-21],\n",
      "        [ 5.3315e-21,  4.0701e-21,  1.5334e-21, -1.8895e-18, -2.1434e-19,\n",
      "          2.3509e-19,  2.0418e-20, -6.1173e-20, -9.3626e-18,  3.6711e-19,\n",
      "         -2.6200e-20, -3.1697e-21,  1.5840e-21,  1.5681e-19,  7.7404e-21,\n",
      "          5.5455e-04]], dtype=torch.float64, grad_fn=<LinalgInvExBackward0>)\n"
     ]
    }
   ],
   "source": [
    "net = SLANG_GaussianNetwork([1,5,1], alpha = 0.9, beta = 0.9,\n",
    "                             inital_prior_std = 10,  rank_approx = 2,  \n",
    "                             minibatch_size = 5, decay = 0.51, decay_start = 40, error = 1e-7)\n",
    "data = torch.tensor([[0.01, 0.02], [1.5, 3.0], [1.2, 2.8], [5.05, 10.3], [1.6, 2.9], [1.5, 3.2], [1.3, 3.0]],   \n",
    "                     requires_grad=True)\n",
    "\n",
    "\n",
    "# Compute the cov wrt the sampled network parameters\n",
    "mean, Sig = net.SLANG(data)\n",
    "print('mean', mean)\n",
    "print('cov', Sig)"
   ]
  },
  {
   "cell_type": "markdown",
   "metadata": {},
   "source": [
    "### Regression Ground Truth & Dataset"
   ]
  },
  {
   "cell_type": "code",
   "execution_count": 966,
   "metadata": {},
   "outputs": [
    {
     "data": {
